2 822.909 
3 1040.42 
4 639.461 
5 815.956 
6 691.16 
7 688.308 
8 802.147 
9 833.513 
10 785.466 
11 718.897 
12 672.167 
13 671.464 
14 715.39 
15 778.459 
16 822.798 
17 839.197 
18 830.836 
19 805.194 
20 774.714 
21 753.822 
22 745.875 
23 749.478 
24 761.205 
25 775.317 
26 785.312 
27 790.284 
28 791.246 
29 789.602 
30 787.177 
31 785.874 
32 786.378 
33 788.965 
34 793.811 
35 800.988 
36 810.443 
37 821.992 
38 835.302 
39 849.882 
40 865.067 
41 880.185 
42 895.153 
43 910.054 
44 924.97 
45 939.991 
46 955.203 
47 970.698 
48 986.568 
49 1002.9 
50 1019.8 
51 1037.33 
52 1055.5 
53 1074.27 
54 1093.61 
55 1113.45 
56 1133.7 
57 1154.26 
58 1174.98 
59 1195.73 
60 1216.32 
61 1236.58 
62 1256.46 
63 1275.96 
64 1295.08 
65 1313.79 
66 1332.09 
67 1349.97 
68 1367.43 
69 1384.46 
70 1401.04 
71 1417.17 
72 1432.86 
73 1448.12 
74 1462.95 
75 1477.38 
76 1491.43 
77 1505.1 
78 1518.42 
79 1531.41 
80 1544.1 
81 1556.52 
82 1568.7 
83 1580.7 
84 1592.57 
85 1604.36 
86 1616.15 
87 1627.98 
88 1639.93 
89 1652.08 
90 1664.5 
91 1677.27 
92 1690.44 
93 1704.06 
94 1718.2 
95 1732.91 
96 1748.24 
97 1764.26 
98 1781.03 
99 1798.6 
100 1817.05 
101 1836.43 
102 1856.76 
103 1878.03 
104 1900.27 
105 1923.45 
106 1947.59 
107 1972.67 
108 1998.68 
109 2025.6 
110 2053.42 
111 2082.12 
112 2111.66 
113 2142.02 
114 2173.16 
115 2205.04 
116 2237.62 
117 2270.84 
118 2304.67 
119 2339.03 
120 2373.87 
121 2409.13 
122 2444.75 
123 2480.72 
124 2516.99 
125 2553.52 
126 2590.25 
127 2627.16 
128 2664.18 
129 2701.27 
130 2738.37 
131 2775.41 
132 2812.34 
133 2849.08 
134 2885.58 
135 2921.76 
136 2957.54 
137 2992.85 
138 3027.59 
139 3061.7 
140 3095.07 
141 3127.63 
142 3159.37 
143 3190.32 
144 3220.48 
145 3249.87 
146 3278.52 
147 3306.46 
148 3333.7 
149 3360.28 
150 3386.23 
151 3411.58 
152 3436.37 
153 3460.65 
154 3484.46 
155 3507.83 
156 3530.83 
157 3553.51 
158 3575.91 
159 3598.11 
160 3620.15 
161 3642.11 
162 3664 
163 3685.84 
164 3707.65 
165 3729.46 
166 3751.28 
167 3773.14 
168 3795.06 
169 3817.06 
170 3839.17 
171 3861.42 
172 3883.83 
173 3906.44 
174 3929.26 
175 3952.33 
176 3975.68 
177 3999.34 
178 4023.35 
179 4047.74 
180 4072.54 
181 4097.78 
182 4123.43 
183 4149.43 
184 4175.76 
185 4202.34 
186 4229.14 
187 4256.09 
188 4283.13 
189 4310.21 
190 4337.26 
191 4364.22 
192 4391.01 
193 4417.56 
194 4443.8 
195 4469.65 
196 4495.03 
197 4519.86 
198 4544.04 
199 4567.5 
200 4590.13 
201 4611.86 
202 4632.66 
203 4652.54 
204 4671.47 
205 4689.46 
206 4706.51 
207 4722.61 
208 4737.75 
209 4751.94 
210 4765.17 
211 4777.44 
212 4788.74 
213 4799.09 
214 4808.47 
215 4816.89 
216 4824.35 
217 4830.85 
218 4836.39 
219 4840.98 
220 4844.62 
221 4847.32 
222 4849.07 
223 4849.89 
224 4849.78 
225 4848.75 
226 4846.8 
227 4843.98 
228 4840.29 
229 4835.79 
230 4830.5 
231 4824.45 
232 4817.69 
233 4810.26 
234 4802.18 
235 4793.51 
236 4784.29 
237 4774.55 
238 4764.36 
239 4753.75 
240 4742.78 
241 4731.5 
242 4719.95 
243 4708.2 
244 4696.3 
245 4684.3 
246 4672.28 
247 4660.28 
248 4648.38 
249 4636.64 
250 4625.12 
251 4613.88 
252 4602.9 
253 4592.15 
254 4581.6 
255 4571.21 
256 4560.95 
257 4550.77 
258 4540.65 
259 4530.53 
260 4520.38 
261 4510.15 
262 4499.8 
263 4489.28 
264 4478.54 
265 4467.54 
266 4456.22 
267 4444.52 
268 4432.41 
269 4419.81 
270 4406.67 
271 4392.94 
272 4378.55 
273 4363.44 
274 4347.54 
275 4330.79 
276 4313.14 
277 4294.61 
278 4275.21 
279 4254.98 
280 4233.95 
281 4212.16 
282 4189.64 
283 4166.42 
284 4142.54 
285 4118.04 
286 4092.95 
287 4067.32 
288 4041.19 
289 4014.59 
290 3987.58 
291 3960.19 
292 3932.48 
293 3904.49 
294 3876.26 
295 3847.85 
296 3819.31 
297 3790.68 
298 3762.03 
299 3733.41 
300 3704.87 
301 3676.46 
302 3648.2 
303 3620.09 
304 3592.14 
305 3564.35 
306 3536.72 
307 3509.26 
308 3481.98 
309 3454.88 
310 3427.96 
311 3401.23 
312 3374.69 
313 3348.35 
314 3322.21 
315 3296.28 
316 3270.55 
317 3245.04 
318 3219.75 
319 3194.67 
320 3169.82 
321 3145.2 
322 3120.8 
323 3096.65 
324 3072.73 
325 3049.04 
326 3025.61 
327 3002.42 
328 2979.47 
329 2956.78 
330 2934.34 
331 2912.16 
332 2890.24 
333 2868.57 
334 2847.17 
335 2826.04 
336 2805.17 
337 2784.56 
338 2764.23 
339 2744.17 
340 2724.38 
341 2704.86 
342 2685.61 
343 2666.65 
344 2647.95 
345 2629.53 
346 2611.39 
347 2593.53 
348 2575.94 
349 2558.63 
350 2541.6 
351 2524.85 
352 2508.37 
353 2492.19 
354 2476.29 
355 2460.7 
356 2445.41 
357 2430.42 
358 2415.75 
359 2401.4 
360 2387.37 
361 2373.67 
362 2360.31 
363 2347.29 
364 2334.61 
365 2322.28 
366 2310.3 
367 2298.68 
368 2287.43 
369 2276.55 
370 2266.04 
371 2255.91 
372 2246.17 
373 2236.81 
374 2227.85 
375 2219.29 
376 2211.13 
377 2203.38 
378 2196.04 
379 2189.12 
380 2182.63 
381 2176.55 
382 2170.91 
383 2165.71 
384 2160.95 
385 2156.63 
386 2152.76 
387 2149.34 
388 2146.39 
389 2143.89 
390 2141.86 
391 2140.3 
392 2139.22 
393 2138.62 
394 2138.5 
395 2138.87 
396 2139.73 
397 2141.08 
398 2142.94 
399 2145.3 
400 2148.16 
401 2151.54 
402 2155.42 
403 2159.81 
404 2164.69 
405 2170.06 
406 2175.93 
407 2182.27 
408 2189.09 
409 2196.39 
410 2204.15 
411 2212.36 
412 2221.03 
413 2230.15 
414 2239.7 
415 2249.69 
416 2260.1 
417 2270.93 
418 2282.17 
419 2293.81 
420 2305.84 
421 2318.25 
422 2331.05 
423 2344.21 
424 2357.72 
425 2371.59 
426 2385.79 
427 2400.33 
428 2415.18 
429 2430.34 
430 2445.8 
431 2461.54 
432 2477.56 
433 2493.85 
434 2510.39 
435 2527.17 
436 2544.18 
437 2561.4 
438 2578.83 
439 2596.45 
440 2614.25 
441 2632.21 
442 2650.32 
443 2668.57 
444 2686.94 
445 2705.42 
446 2723.99 
447 2742.64 
448 2761.35 
449 2780.11 
450 2798.9 
451 2817.71 
452 2836.52 
453 2855.34 
454 2874.16 
455 2892.97 
456 2911.77 
457 2930.55 
458 2949.3 
459 2968.03 
460 2986.71 
461 3005.35 
462 3023.94 
463 3042.47 
464 3060.94 
465 3079.34 
466 3097.66 
467 3115.89 
468 3134.04 
469 3152.08 
470 3170.02 
471 3187.85 
472 3205.56 
473 3223.14 
474 3240.58 
475 3257.88 
476 3275.03 
477 3292.02 
478 3308.85 
479 3325.5 
480 3341.97 
481 3358.24 
482 3374.32 
483 3390.19 
484 3405.84 
485 3421.27 
486 3436.46 
487 3451.41 
488 3466.11 
489 3480.54 
490 3494.71 
491 3508.59 
492 3522.19 
493 3535.48 
494 3548.47 
495 3561.14 
496 3573.48 
497 3585.49 
498 3597.14 
499 3608.44 
500 3619.37 
501 3629.92 
502 3640.09 
503 3649.88 
504 3659.29 
505 3668.32 
506 3676.98 
507 3685.25 
508 3693.15 
509 3700.66 
510 3707.8 
511 3714.56 
512 3720.94 
513 3726.95 
514 3732.57 
515 3737.82 
516 3742.7 
517 3747.2 
518 3751.33 
519 3755.08 
520 3758.46 
521 3761.47 
522 3764.11 
523 3766.38 
524 3768.28 
525 3769.81 
526 3770.98 
527 3771.78 
528 3772.22 
529 3772.3 
530 3772.02 
531 3771.38 
532 3770.38 
533 3769.02 
534 3767.31 
535 3765.25 
536 3762.84 
537 3760.09 
538 3756.98 
539 3753.53 
540 3749.74 
541 3745.61 
542 3741.14 
543 3736.34 
544 3731.2 
545 3725.74 
546 3719.94 
547 3713.83 
548 3707.38 
549 3700.62 
550 3693.54 
551 3686.15 
552 3678.45 
553 3670.45 
554 3662.14 
555 3653.54 
556 3644.65 
557 3635.47 
558 3626.02 
559 3616.28 
560 3606.28 
561 3596.02 
562 3585.5 
563 3574.72 
564 3563.7 
565 3552.44 
566 3540.94 
567 3529.21 
568 3517.26 
569 3505.09 
570 3492.71 
571 3480.13 
572 3467.35 
573 3454.38 
574 3441.23 
575 3427.9 
576 3414.4 
577 3400.73 
578 3386.91 
579 3372.94 
580 3358.83 
581 3344.59 
582 3330.22 
583 3315.73 
584 3301.13 
585 3286.43 
586 3271.63 
587 3256.75 
588 3241.79 
589 3226.76 
590 3211.66 
591 3196.52 
592 3181.33 
593 3166.11 
594 3150.86 
595 3135.59 
596 3120.31 
597 3105.04 
598 3089.78 
599 3074.54 
600 3059.32 
601 3044.15 
602 3029.02 
603 3013.94 
604 2998.9 
605 2983.93 
606 2969.01 
607 2954.16 
608 2939.38 
609 2924.67 
610 2910.04 
611 2895.49 
612 2881.02 
613 2866.64 
614 2852.36 
615 2838.18 
616 2824.1 
617 2810.13 
618 2796.27 
619 2782.53 
620 2768.92 
621 2755.43 
622 2742.07 
623 2728.85 
624 2715.77 
625 2702.83 
626 2690.05 
627 2677.42 
628 2664.96 
629 2652.66 
630 2640.54 
631 2628.59 
632 2616.82 
633 2605.24 
634 2593.86 
635 2582.67 
636 2571.69 
637 2560.91 
638 2550.35 
639 2540.01 
640 2529.9 
641 2520.01 
642 2510.37 
643 2500.96 
644 2491.81 
645 2482.91 
646 2474.27 
647 2465.89 
648 2457.79 
649 2449.97 
650 2442.43 
651 2435.17 
652 2428.21 
653 2421.54 
654 2415.16 
655 2409.07 
656 2403.27 
657 2397.75 
658 2392.53 
659 2387.59 
660 2382.95 
661 2378.59 
662 2374.52 
663 2370.73 
664 2367.24 
665 2364.02 
666 2361.1 
667 2358.46 
668 2356.11 
669 2354.04 
670 2352.25 
671 2350.75 
672 2349.52 
673 2348.58 
674 2347.92 
675 2347.55 
676 2347.45 
677 2347.62 
678 2348.08 
679 2348.81 
680 2349.82 
681 2351.1 
682 2352.66 
683 2354.48 
684 2356.58 
685 2358.95 
686 2361.59 
687 2364.5 
688 2367.67 
689 2371.11 
690 2374.81 
691 2378.78 
692 2383.01 
693 2387.49 
694 2392.24 
695 2397.24 
696 2402.5 
697 2408.01 
698 2413.77 
699 2419.79 
700 2426.05 
701 2432.56 
702 2439.31 
703 2446.31 
704 2453.53 
705 2460.99 
706 2468.68 
707 2476.59 
708 2484.72 
709 2493.06 
710 2501.61 
711 2510.37 
712 2519.33 
713 2528.48 
714 2537.83 
715 2547.36 
716 2557.07 
717 2566.96 
718 2577.03 
719 2587.25 
720 2597.65 
721 2608.19 
722 2618.89 
723 2629.74 
724 2640.73 
725 2651.85 
726 2663.1 
727 2674.48 
728 2685.97 
729 2697.58 
730 2709.3 
731 2721.11 
732 2733.03 
733 2745.03 
734 2757.12 
735 2769.28 
736 2781.51 
737 2793.81 
738 2806.17 
739 2818.58 
740 2831.04 
741 2843.54 
742 2856.07 
743 2868.62 
744 2881.2 
745 2893.79 
746 2906.38 
747 2918.97 
748 2931.55 
749 2944.12 
750 2956.67 
751 2969.18 
752 2981.66 
753 2994.11 
754 3006.51 
755 3018.86 
756 3031.17 
757 3043.42 
758 3055.61 
759 3067.74 
760 3079.8 
761 3091.78 
762 3103.7 
763 3115.53 
764 3127.27 
765 3138.93 
766 3150.49 
767 3161.95 
768 3173.3 
769 3184.55 
770 3195.68 
771 3206.7 
772 3217.59 
773 3228.36 
774 3238.99 
775 3249.48 
776 3259.83 
777 3270.04 
778 3280.08 
779 3289.98 
780 3299.7 
781 3309.26 
782 3318.65 
783 3327.85 
784 3336.87 
785 3345.7 
786 3354.34 
787 3362.77 
788 3371 
789 3379.02 
790 3386.81 
791 3394.39 
792 3401.73 
793 3408.84 
794 3415.71 
795 3422.33 
796 3428.7 
797 3434.82 
798 3440.66 
799 3446.24 
800 3451.54 
801 3456.56 
802 3461.3 
803 3465.75 
804 3469.92 
805 3473.81 
806 3477.42 
807 3480.75 
808 3483.79 
809 3486.55 
810 3489.03 
811 3491.23 
812 3493.14 
813 3494.78 
814 3496.13 
815 3497.21 
816 3498 
817 3498.51 
818 3498.74 
819 3498.7 
820 3498.37 
821 3497.77 
822 3496.88 
823 3495.72 
824 3494.28 
825 3492.57 
826 3490.57 
827 3488.3 
828 3485.76 
829 3482.94 
830 3479.84 
831 3476.47 
832 3472.83 
833 3468.91 
834 3464.72 
835 3460.25 
836 3455.52 
837 3450.51 
838 3445.24 
839 3439.69 
840 3433.87 
841 3427.79 
842 3421.44 
843 3414.82 
844 3407.94 
845 3400.79 
846 3393.38 
847 3385.7 
848 3377.76 
849 3369.56 
850 3361.1 
851 3352.37 
852 3343.39 
853 3334.16 
854 3324.68 
855 3314.96 
856 3304.99 
857 3294.79 
858 3284.35 
859 3273.69 
860 3262.8 
861 3251.69 
862 3240.37 
863 3228.83 
864 3217.09 
865 3205.14 
866 3193 
867 3180.66 
868 3168.13 
869 3155.42 
870 3142.53 
871 3129.46 
872 3116.22 
873 3102.82 
874 3089.26 
875 3075.54 
876 3061.67 
877 3047.65 
878 3033.49 
879 3019.2 
880 3004.77 
881 2990.22 
882 2975.55 
883 2960.77 
884 2945.87 
885 2930.87 
886 2915.78 
887 2900.59 
888 2885.31 
889 2869.95 
890 2854.51 
891 2839 
892 2823.43 
893 2807.8 
894 2792.11 
895 2776.38 
896 2760.61 
897 2744.8 
898 2728.96 
899 2713.1 
900 2697.23 
901 2681.34 
902 2665.45 
903 2649.55 
904 2633.65 
905 2617.76 
906 2601.87 
907 2586 
908 2570.14 
909 2554.31 
910 2538.49 
911 2522.71 
912 2506.96 
913 2491.24 
914 2475.56 
915 2459.93 
916 2444.35 
917 2428.81 
918 2413.34 
919 2397.92 
920 2382.58 
921 2367.3 
922 2352.09 
923 2336.96 
924 2321.92 
925 2306.96 
926 2292.09 
927 2277.32 
928 2262.65 
929 2248.08 
930 2233.63 
931 2219.29 
932 2205.06 
933 2190.96 
934 2176.99 
935 2163.15 
936 2149.45 
937 2135.9 
938 2122.49 
939 2109.23 
940 2096.13 
941 2083.19 
942 2070.42 
943 2057.82 
944 2045.4 
945 2033.17 
946 2021.12 
947 2009.26 
948 1997.6 
949 1986.14 
950 1974.9 
951 1963.86 
952 1953.04 
953 1942.44 
954 1932.04 
955 1921.87 
956 1911.9 
957 1902.16 
958 1892.62 
959 1883.31 
960 1874.21 
961 1865.32 
962 1856.65 
963 1848.19 
964 1839.95 
965 1831.93 
966 1824.12 
967 1816.53 
968 1809.16 
969 1802 
970 1795.06 
971 1788.33 
972 1781.82 
973 1775.53 
974 1769.45 
975 1763.59 
976 1757.94 
977 1752.51 
978 1747.3 
979 1742.3 
980 1737.52 
981 1732.96 
982 1728.61 
983 1724.48 
984 1720.56 
985 1716.86 
986 1713.38 
987 1710.11 
988 1707.06 
989 1704.22 
990 1701.59 
991 1699.19 
992 1696.99 
993 1695.01 
994 1693.25 
995 1691.7 
996 1690.37 
997 1689.24 
998 1688.34 
999 1687.64 
1000 1687.16 
1001 1686.89 
1002 1686.84 
1003 1686.98 
1004 1687.34 
1005 1687.89 
1006 1688.65 
1007 1689.6 
1008 1690.74 
1009 1692.07 
1010 1693.58 
1011 1695.28 
1012 1697.16 
1013 1699.22 
1014 1701.45 
1015 1703.85 
1016 1706.42 
1017 1709.15 
1018 1712.04 
1019 1715.09 
1020 1718.29 
1021 1721.64 
1022 1725.14 
1023 1728.78 
1024 1732.56 
1025 1736.48 
1026 1740.52 
1027 1744.7 
1028 1749 
1029 1753.42 
1030 1757.97 
1031 1762.62 
1032 1767.38 
1033 1772.25 
1034 1777.22 
1035 1782.3 
1036 1787.46 
1037 1792.71 
1038 1798.06 
1039 1803.48 
1040 1808.98 
1041 1814.55 
1042 1820.2 
1043 1825.91 
1044 1831.68 
1045 1837.51 
1046 1843.4 
1047 1849.33 
1048 1855.3 
1049 1861.32 
1050 1867.37 
1051 1873.45 
1052 1879.56 
1053 1885.69 
1054 1891.85 
1055 1898.03 
1056 1904.22 
1057 1910.43 
1058 1916.65 
1059 1922.87 
1060 1929.1 
1061 1935.34 
1062 1941.57 
1063 1947.79 
1064 1954.01 
1065 1960.22 
1066 1966.41 
1067 1972.58 
1068 1978.74 
1069 1984.87 
1070 1990.98 
1071 1997.05 
1072 2003.09 
1073 2009.1 
1074 2015.06 
1075 2020.98 
1076 2026.85 
1077 2032.68 
1078 2038.45 
1079 2044.16 
1080 2049.81 
1081 2055.4 
1082 2060.91 
1083 2066.36 
1084 2071.74 
1085 2077.03 
1086 2082.24 
1087 2087.37 
1088 2092.4 
1089 2097.35 
1090 2102.19 
1091 2106.94 
1092 2111.58 
1093 2116.11 
1094 2120.54 
1095 2124.84 
1096 2129.02 
1097 2133.09 
1098 2137.02 
1099 2140.82 
1100 2144.49 
1101 2148.02 
1102 2151.4 
1103 2154.65 
1104 2157.76 
1105 2160.72 
1106 2163.55 
1107 2166.23 
1108 2168.77 
1109 2171.17 
1110 2173.43 
1111 2175.55 
1112 2177.52 
1113 2179.35 
1114 2181.04 
1115 2182.58 
1116 2183.98 
1117 2185.24 
1118 2186.35 
1119 2187.32 
1120 2188.15 
1121 2188.83 
1122 2189.36 
1123 2189.75 
1124 2189.99 
1125 2190.09 
1126 2190.04 
1127 2189.85 
1128 2189.51 
1129 2189.02 
1130 2188.38 
1131 2187.6 
1132 2186.67 
1133 2185.6 
1134 2184.37 
1135 2183 
1136 2181.48 
1137 2179.81 
1138 2178 
1139 2176.03 
1140 2173.92 
1141 2171.66 
1142 2169.24 
1143 2166.68 
1144 2163.97 
1145 2161.11 
1146 2158.1 
1147 2154.94 
1148 2151.63 
1149 2148.17 
1150 2144.55 
1151 2140.79 
1152 2136.88 
1153 2132.82 
1154 2128.62 
1155 2124.27 
1156 2119.78 
1157 2115.15 
1158 2110.39 
1159 2105.49 
1160 2100.46 
1161 2095.29 
1162 2090 
1163 2084.58 
1164 2079.03 
1165 2073.36 
1166 2067.57 
1167 2061.66 
1168 2055.63 
1169 2049.49 
1170 2043.24 
1171 2036.88 
1172 2030.41 
1173 2023.83 
1174 2017.15 
1175 2010.37 
1176 2003.49 
1177 1996.51 
1178 1989.44 
1179 1982.28 
1180 1975.03 
1181 1967.69 
1182 1960.26 
1183 1952.75 
1184 1945.17 
1185 1937.5 
1186 1929.76 
1187 1921.95 
1188 1914.07 
1189 1906.12 
1190 1898.1 
1191 1890.02 
1192 1881.89 
1193 1873.69 
1194 1865.44 
1195 1857.14 
1196 1848.79 
1197 1840.39 
1198 1831.95 
1199 1823.46 
1200 1814.94 
