-13 0 1.26618e-14 0.000653263 0.00318111 1.19694e-19 0.996166 -1.26376e-14 1.26375e-14 
-12.987 3.10117e+20 1.24984e-14 0.000661786 0.00322261 1.26083e-19 0.996116 -1.24742e-14 1.24741e-14 
-12.974 6.24288e+20 1.23372e-14 0.00067042 0.00326466 1.32813e-19 0.996065 -1.23129e-14 1.23128e-14 
-12.961 9.42566e+20 1.2178e-14 0.000679167 0.00330725 1.39903e-19 0.996014 -1.21537e-14 1.21537e-14 
-12.9479 1.265e+21 1.20208e-14 0.000688026 0.00335039 1.4737e-19 0.995962 -1.19966e-14 1.19965e-14 
-12.9349 1.59166e+21 1.18657e-14 0.000697001 0.00339409 1.55236e-19 0.995909 -1.18415e-14 1.18414e-14 
-12.9219 1.92258e+21 1.17127e-14 0.000706093 0.00343837 1.63521e-19 0.995856 -1.16884e-14 1.16883e-14 
-12.9089 2.25783e+21 1.15615e-14 0.000715302 0.00348321 1.72249e-19 0.995801 -1.15373e-14 1.15372e-14 
-12.8959 2.59746e+21 1.14124e-14 0.000724632 0.00352864 1.81442e-19 0.995747 -1.13881e-14 1.13881e-14 
-12.8829 2.94153e+21 1.12651e-14 0.000734082 0.00357466 1.91126e-19 0.995691 -1.12409e-14 1.12408e-14 
-12.8699 3.29009e+21 1.11198e-14 0.000743655 0.00362128 2.01327e-19 0.995635 -1.10955e-14 1.10955e-14 
-12.8569 3.64321e+21 1.09764e-14 0.000753352 0.0036685 2.12072e-19 0.995578 -1.09521e-14 1.0952e-14 
-12.8438 4.00095e+21 1.08348e-14 0.000763176 0.00371633 2.2339e-19 0.99552 -1.08105e-14 1.08104e-14 
-12.8308 4.36336e+21 1.0695e-14 0.000773126 0.00376479 2.35312e-19 0.995462 -1.06707e-14 1.06707e-14 
-12.8178 4.73051e+21 1.0557e-14 0.000783206 0.00381387 2.4787e-19 0.995403 -1.05328e-14 1.05327e-14 
-12.8048 5.10245e+21 1.04209e-14 0.000793417 0.0038636 2.61098e-19 0.995343 -1.03966e-14 1.03965e-14 
-12.7918 5.47926e+21 1.02864e-14 0.00080376 0.00391396 2.75032e-19 0.995282 -1.02622e-14 1.02621e-14 
-12.7788 5.86099e+21 1.01538e-14 0.000814238 0.00396498 2.89709e-19 0.995221 -1.01295e-14 1.01294e-14 
-12.7658 6.2477e+21 1.00228e-14 0.000824851 0.00401667 3.0517e-19 0.995158 -9.99855e-15 9.99849e-15 
-12.7528 6.63947e+21 9.89354e-15 0.000835602 0.00406902 3.21455e-19 0.995095 -9.86928e-15 9.86922e-15 
-12.7397 7.03636e+21 9.76594e-15 0.000846492 0.00412205 3.38608e-19 0.995031 -9.74168e-15 9.74162e-15 
-12.7267 7.43844e+21 9.64e-15 0.000857524 0.00417577 3.56677e-19 0.994967 -9.61574e-15 9.61568e-15 
-12.7137 7.84576e+21 9.51568e-15 0.000868698 0.00423018 3.7571e-19 0.994901 -9.49142e-15 9.49136e-15 
-12.7007 8.25841e+21 9.39297e-15 0.000880018 0.0042853 3.95758e-19 0.994835 -9.36871e-15 9.36864e-15 
-12.6877 8.67645e+21 9.27184e-15 0.000891484 0.00434114 4.16875e-19 0.994767 -9.24758e-15 9.24752e-15 
-12.6747 9.09995e+21 9.15228e-15 0.000903099 0.0043977 4.39119e-19 0.994699 -9.12802e-15 9.12796e-15 
-12.6617 9.52899e+21 9.03427e-15 0.000914864 0.00445499 4.62549e-19 0.99463 -9.01001e-15 9.00995e-15 
-12.6486 9.96362e+21 8.91778e-15 0.000926782 0.00451303 4.87229e-19 0.99456 -8.89352e-15 8.89346e-15 
-12.6356 1.04039e+22 8.8028e-15 0.000938854 0.00457181 5.13226e-19 0.994489 -8.77854e-15 8.77848e-15 
-12.6226 1.085e+22 8.6893e-15 0.000951083 0.00463136 5.40609e-19 0.994418 -8.66505e-15 8.66498e-15 
-12.6096 1.13019e+22 8.57728e-15 0.00096347 0.00469168 5.69452e-19 0.994345 -8.55302e-15 8.55295e-15 
-12.5966 1.17597e+22 8.4667e-15 0.000976017 0.00475278 5.99834e-19 0.994271 -8.44244e-15 8.44237e-15 
-12.5836 1.22235e+22 8.35755e-15 0.000988727 0.00481467 6.31836e-19 0.994197 -8.33329e-15 8.33322e-15 
-12.5706 1.26933e+22 8.24981e-15 0.0010016 0.00487736 6.65544e-19 0.994121 -8.22556e-15 8.22549e-15 
-12.5576 1.31693e+22 8.14346e-15 0.00101464 0.00494086 7.01051e-19 0.994044 -8.11921e-15 8.11914e-15 
-12.5445 1.36514e+22 8.03849e-15 0.00102785 0.00500519 7.38451e-19 0.993967 -8.01424e-15 8.01417e-15 
-12.5315 1.41399e+22 7.93488e-15 0.00104123 0.00507035 7.77845e-19 0.993888 -7.91063e-15 7.91055e-15 
-12.5185 1.46348e+22 7.8326e-15 0.00105479 0.00513635 8.1934e-19 0.993809 -7.80836e-15 7.80828e-15 
-12.5055 1.51361e+22 7.73165e-15 0.00106851 0.0052032 8.63048e-19 0.993728 -7.7074e-15 7.70733e-15 
-12.4925 1.56439e+22 7.632e-15 0.00108242 0.00527092 9.09087e-19 0.993647 -7.60776e-15 7.60768e-15 
-12.4795 1.61584e+22 7.53364e-15 0.00109651 0.00533951 9.5758e-19 0.993564 -7.5094e-15 7.50932e-15 
-12.4665 1.66797e+22 7.43656e-15 0.00111078 0.005409 1.00866e-18 0.99348 -7.41232e-15 7.41224e-15 
-12.4535 1.72077e+22 7.34073e-15 0.00112523 0.00547938 1.06246e-18 0.993395 -7.31648e-15 7.3164e-15 
-12.4404 1.77426e+22 7.24613e-15 0.00113987 0.00555066 1.11913e-18 0.993309 -7.22189e-15 7.22181e-15 
-12.4274 1.82845e+22 7.15276e-15 0.0011547 0.00562287 1.17883e-18 0.993222 -7.12852e-15 7.12844e-15 
-12.4144 1.88334e+22 7.0606e-15 0.00116972 0.00569602 1.2417e-18 0.993134 -7.03636e-15 7.03628e-15 
-12.4014 1.93896e+22 6.96963e-15 0.00118493 0.00577011 1.30793e-18 0.993045 -6.94539e-15 6.94531e-15 
-12.3884 1.99529e+22 6.87983e-15 0.00120034 0.00584515 1.37769e-18 0.992955 -6.8556e-15 6.85551e-15 
-12.3754 2.05237e+22 6.7912e-15 0.00121595 0.00592116 1.45116e-18 0.992863 -6.76697e-15 6.76688e-15 
-12.3624 2.11019e+22 6.70371e-15 0.00123176 0.00599816 1.52856e-18 0.99277 -6.67948e-15 6.67939e-15 
-12.3493 2.16876e+22 6.61736e-15 0.00124778 0.00607615 1.61007e-18 0.992676 -6.59312e-15 6.59303e-15 
-12.3363 2.2281e+22 6.53212e-15 0.001264 0.00615514 1.69594e-18 0.992581 -6.50788e-15 6.50779e-15 
-12.3233 2.28821e+22 6.44798e-15 0.00128043 0.00623516 1.78638e-18 0.992484 -6.42375e-15 6.42366e-15 
-12.3103 2.34911e+22 6.36493e-15 0.00129708 0.0063162 1.88164e-18 0.992387 -6.3407e-15 6.3406e-15 
-12.2973 2.4108e+22 6.28295e-15 0.00131394 0.0063983 1.98198e-18 0.992288 -6.25872e-15 6.25863e-15 
-12.2843 2.4733e+22 6.20203e-15 0.00133101 0.00648145 2.08767e-18 0.992188 -6.17781e-15 6.17771e-15 
-12.2713 2.53661e+22 6.12216e-15 0.00134831 0.00656567 2.19899e-18 0.992086 -6.09794e-15 6.09784e-15 
-12.2583 2.60074e+22 6.04332e-15 0.00136583 0.00665098 2.31624e-18 0.991983 -6.0191e-15 6.019e-15 
-12.2452 2.66572e+22 5.9655e-15 0.00138357 0.00673738 2.43975e-18 0.991879 -5.94128e-15 5.94118e-15 
-12.2322 2.73154e+22 5.88869e-15 0.00140154 0.0068249 2.56983e-18 0.991774 -5.86447e-15 5.86437e-15 
-12.2192 2.79822e+22 5.81287e-15 0.00141975 0.00691355 2.70684e-18 0.991667 -5.78865e-15 5.78855e-15 
-12.2062 2.86577e+22 5.73803e-15 0.00143819 0.00700334 2.85116e-18 0.991558 -5.71381e-15 5.71371e-15 
-12.1932 2.9342e+22 5.66416e-15 0.00145686 0.00709429 3.00317e-18 0.991449 -5.63994e-15 5.63984e-15 
-12.1802 3.00352e+22 5.59124e-15 0.00147578 0.0071864 3.16328e-18 0.991338 -5.56702e-15 5.56692e-15 
-12.1672 3.07375e+22 5.51927e-15 0.00149494 0.00727971 3.33191e-18 0.991225 -5.49505e-15 5.49495e-15 
-12.1542 3.1449e+22 5.44822e-15 0.00151435 0.00737421 3.50954e-18 0.991111 -5.42401e-15 5.4239e-15 
-12.1411 3.21697e+22 5.3781e-15 0.001534 0.00746993 3.69662e-18 0.990996 -5.35388e-15 5.35378e-15 
-12.1281 3.28998e+22 5.30888e-15 0.00155391 0.00756688 3.89368e-18 0.990879 -5.28467e-15 5.28456e-15 
-12.1151 3.36394e+22 5.24055e-15 0.00157408 0.00766507 4.10123e-18 0.990761 -5.21634e-15 5.21623e-15 
-12.1021 3.43887e+22 5.17311e-15 0.0015945 0.00776453 4.31984e-18 0.990641 -5.14891e-15 5.14879e-15 
-12.0891 3.51477e+22 5.10654e-15 0.00161519 0.00786527 4.55009e-18 0.99052 -5.08234e-15 5.08222e-15 
-12.0761 3.59166e+22 5.04084e-15 0.00163614 0.0079673 4.79261e-18 0.990397 -5.01663e-15 5.01652e-15 
-12.0631 3.66956e+22 4.97598e-15 0.00165736 0.00807064 5.04804e-18 0.990272 -4.95177e-15 4.95166e-15 
-12.0501 3.74847e+22 4.91196e-15 0.00167886 0.00817531 5.31709e-18 0.990146 -4.88776e-15 4.88764e-15 
-12.037 3.82841e+22 4.84877e-15 0.00170063 0.00828132 5.60046e-18 0.990018 -4.82457e-15 4.82444e-15 
-12.024 3.90939e+22 4.78639e-15 0.00172268 0.00838869 5.89892e-18 0.989889 -4.76219e-15 4.76207e-15 
-12.011 3.99142e+22 4.72482e-15 0.00174501 0.00849744 6.21328e-18 0.989758 -4.70062e-15 4.7005e-15 
-11.998 4.07453e+22 4.66405e-15 0.00176763 0.00860758 6.54438e-18 0.989625 -4.63985e-15 4.63973e-15 
-11.985 4.15872e+22 4.60406e-15 0.00179054 0.00871914 6.89312e-18 0.98949 -4.57987e-15 4.57974e-15 
-11.972 4.244e+22 4.54485e-15 0.00181374 0.00883213 7.26042e-18 0.989354 -4.52066e-15 4.52053e-15 
-11.959 4.3304e+22 4.4864e-15 0.00183724 0.00894657 7.64728e-18 0.989216 -4.46221e-15 4.46208e-15 
-11.9459 4.41792e+22 4.42871e-15 0.00186104 0.00906247 8.05475e-18 0.989076 -4.40452e-15 4.40439e-15 
-11.9329 4.50658e+22 4.37177e-15 0.00188515 0.00917986 8.4839e-18 0.988935 -4.34758e-15 4.34745e-15 
-11.9199 4.5964e+22 4.31556e-15 0.00190956 0.00929875 8.93591e-18 0.988792 -4.29137e-15 4.29124e-15 
-11.9069 4.68738e+22 4.26008e-15 0.00193429 0.00941916 9.41197e-18 0.988647 -4.23589e-15 4.23576e-15 
-11.8939 4.77955e+22 4.20531e-15 0.00195934 0.00954111 9.91339e-18 0.9885 -4.18113e-15 4.18099e-15 
-11.8809 4.87292e+22 4.15126e-15 0.0019847 0.00966463 1.04415e-17 0.988351 -4.12708e-15 4.12693e-15 
-11.8679 4.96751e+22 4.0979e-15 0.00201039 0.00978972 1.09977e-17 0.9882 -4.07372e-15 4.07358e-15 
-11.8549 5.06333e+22 4.04523e-15 0.00203641 0.00991641 1.15835e-17 0.988047 -4.02105e-15 4.02091e-15 
-11.8418 5.1604e+22 3.99324e-15 0.00206276 0.0100447 1.22005e-17 0.987893 -3.96907e-15 3.96892e-15 
-11.8288 5.25873e+22 3.94193e-15 0.00208944 0.0101747 1.28504e-17 0.987736 -3.91776e-15 3.91761e-15 
-11.8158 5.35834e+22 3.89128e-15 0.00211647 0.0103063 1.35348e-17 0.987577 -3.86711e-15 3.86696e-15 
-11.8028 5.45924e+22 3.84128e-15 0.00214384 0.0104396 1.42557e-17 0.987417 -3.81711e-15 3.81696e-15 
-11.7898 5.56146e+22 3.79193e-15 0.00217157 0.0105746 1.50149e-17 0.987254 -3.76776e-15 3.76761e-15 
-11.7768 5.66501e+22 3.74322e-15 0.00219964 0.0107113 1.58145e-17 0.987089 -3.71905e-15 3.7189e-15 
-11.7638 5.76991e+22 3.69513e-15 0.00222808 0.0108498 1.66567e-17 0.986922 -3.67097e-15 3.67081e-15 
-11.7508 5.87617e+22 3.64767e-15 0.00225687 0.01099 1.75436e-17 0.986753 -3.62351e-15 3.62335e-15 
-11.7377 5.98381e+22 3.60083e-15 0.00228604 0.011132 1.84778e-17 0.986582 -3.57667e-15 3.57651e-15 
-11.7247 6.09286e+22 3.55458e-15 0.00231557 0.0112758 1.94616e-17 0.986409 -3.53043e-15 3.53026e-15 
-11.7117 6.20332e+22 3.50894e-15 0.00234548 0.0114215 2.04978e-17 0.986233 -3.48479e-15 3.48462e-15 
-11.6987 6.31522e+22 3.46389e-15 0.00237578 0.011569 2.15892e-17 0.986055 -3.43973e-15 3.43957e-15 
-11.6857 6.42858e+22 3.41942e-15 0.00240646 0.0117184 2.27385e-17 0.985875 -3.39527e-15 3.3951e-15 
-11.6727 6.54341e+22 3.37552e-15 0.00243753 0.0118697 2.3949e-17 0.985693 -3.35137e-15 3.3512e-15 
-11.6597 6.65973e+22 3.33219e-15 0.00246899 0.0120229 2.52239e-17 0.985508 -3.30804e-15 3.30787e-15 
-11.6466 6.77757e+22 3.28942e-15 0.00250085 0.0121781 2.65666e-17 0.985321 -3.26528e-15 3.2651e-15 
-11.6336 6.89694e+22 3.24721e-15 0.00253312 0.0123352 2.79807e-17 0.985132 -3.22306e-15 3.22289e-15 
-11.6206 7.01786e+22 3.20554e-15 0.0025658 0.0124943 2.947e-17 0.98494 -3.1814e-15 3.18122e-15 
-11.6076 7.14035e+22 3.1644e-15 0.0025989 0.0126555 3.10384e-17 0.984746 -3.14027e-15 3.14008e-15 
-11.5946 7.26443e+22 3.1238e-15 0.00263241 0.0128187 3.26903e-17 0.984549 -3.09967e-15 3.09948e-15 
-11.5816 7.39013e+22 3.08373e-15 0.00266635 0.012984 3.443e-17 0.98435 -3.0596e-15 3.05941e-15 
-11.5686 7.51746e+22 3.04417e-15 0.00270072 0.0131513 3.62622e-17 0.984148 -3.02004e-15 3.01985e-15 
-11.5556 7.64644e+22 3.00513e-15 0.00273553 0.0133208 3.81918e-17 0.983944 -2.981e-15 2.98081e-15 
-11.5425 7.7771e+22 2.96659e-15 0.00277077 0.0134925 4.02239e-17 0.983737 -2.94246e-15 2.94227e-15 
-11.5295 7.90946e+22 2.92854e-15 0.00280647 0.0136663 4.23641e-17 0.983527 -2.90442e-15 2.90423e-15 
-11.5165 8.04353e+22 2.89099e-15 0.00284261 0.0138423 4.4618e-17 0.983315 -2.86688e-15 2.86667e-15 
-11.5035 8.17935e+22 2.85393e-15 0.00287922 0.0140205 4.69917e-17 0.9831 -2.82981e-15 2.82961e-15 
-11.4905 8.31693e+22 2.81734e-15 0.00291628 0.014201 4.94915e-17 0.982883 -2.79323e-15 2.79302e-15 
-11.4775 8.4563e+22 2.78123e-15 0.00295382 0.0143838 5.21242e-17 0.982662 -2.75712e-15 2.75691e-15 
-11.4645 8.59748e+22 2.74558e-15 0.00299183 0.0145689 5.48968e-17 0.982439 -2.72148e-15 2.72127e-15 
-11.4515 8.74049e+22 2.7104e-15 0.00303032 0.0147563 5.78166e-17 0.982213 -2.68629e-15 2.68608e-15 
-11.4384 8.88536e+22 2.67567e-15 0.0030693 0.0149461 6.08916e-17 0.981985 -2.65157e-15 2.65135e-15 
-11.4254 9.0321e+22 2.64139e-15 0.00310876 0.0151383 6.41299e-17 0.981753 -2.61729e-15 2.61707e-15 
-11.4124 9.18075e+22 2.60755e-15 0.00314873 0.0153329 6.75403e-17 0.981518 -2.58345e-15 2.58323e-15 
-11.3994 9.33133e+22 2.57415e-15 0.0031892 0.01553 7.11318e-17 0.981281 -2.55006e-15 2.54983e-15 
-11.3864 9.48387e+22 2.54118e-15 0.00323018 0.0157296 7.4914e-17 0.98104 -2.51709e-15 2.51686e-15 
-11.3734 9.63838e+22 2.50864e-15 0.00327168 0.0159316 7.88972e-17 0.980797 -2.48455e-15 2.48432e-15 
-11.3604 9.7949e+22 2.47651e-15 0.0033137 0.0161363 8.30918e-17 0.98055 -2.45243e-15 2.4522e-15 
-11.3473 9.95345e+22 2.44481e-15 0.00335625 0.0163435 8.75091e-17 0.9803 -2.42073e-15 2.42049e-15 
-11.3343 1.0114e+23 2.41351e-15 0.00339933 0.0165533 9.2161e-17 0.980047 -2.38943e-15 2.38919e-15 
-11.3213 1.02767e+23 2.38262e-15 0.00344295 0.0167657 9.70599e-17 0.979791 -2.35854e-15 2.3583e-15 
-11.3083 1.04415e+23 2.35213e-15 0.00348713 0.0169808 1.02219e-16 0.979532 -2.32805e-15 2.32781e-15 
-11.2953 1.06085e+23 2.32203e-15 0.00353185 0.0171986 1.07652e-16 0.97927 -2.29796e-15 2.29771e-15 
-11.2823 1.07776e+23 2.29232e-15 0.00357714 0.0174191 1.13373e-16 0.979004 -2.26825e-15 2.268e-15 
-11.2693 1.09488e+23 2.26299e-15 0.003623 0.0176424 1.19397e-16 0.978735 -2.23893e-15 2.23867e-15 
-11.2563 1.11223e+23 2.23405e-15 0.00366943 0.0178685 1.25742e-16 0.978462 -2.20999e-15 2.20973e-15 
-11.2432 1.12981e+23 2.20547e-15 0.00371645 0.0180975 1.32423e-16 0.978186 -2.18142e-15 2.18116e-15 
-11.2302 1.14761e+23 2.17727e-15 0.00376405 0.0183293 1.39458e-16 0.977907 -2.15322e-15 2.15295e-15 
-11.2172 1.16565e+23 2.14943e-15 0.00381225 0.018564 1.46867e-16 0.977624 -2.12538e-15 2.12511e-15 
-11.2042 1.18391e+23 2.12195e-15 0.00386105 0.0188016 1.54669e-16 0.977337 -2.09791e-15 2.09764e-15 
-11.1912 1.20242e+23 2.09483e-15 0.00391046 0.0190422 1.62885e-16 0.977047 -2.07079e-15 2.07051e-15 
-11.1782 1.22116e+23 2.06806e-15 0.00396049 0.0192859 1.71536e-16 0.976754 -2.04402e-15 2.04374e-15 
-11.1652 1.24015e+23 2.04163e-15 0.00401114 0.0195325 1.80647e-16 0.976456 -2.0176e-15 2.01731e-15 
-11.1522 1.25938e+23 2.01555e-15 0.00406243 0.0197823 1.9024e-16 0.976155 -1.99152e-15 1.99123e-15 
-11.1391 1.27886e+23 1.9898e-15 0.00411435 0.0200351 2.00342e-16 0.975851 -1.96577e-15 1.96548e-15 
-11.1261 1.29859e+23 1.96438e-15 0.00416692 0.0202911 2.1098e-16 0.975542 -1.94036e-15 1.94007e-15 
-11.1131 1.31858e+23 1.9393e-15 0.00422015 0.0205503 2.22181e-16 0.97523 -1.91528e-15 1.91498e-15 
-11.1001 1.33883e+23 1.91453e-15 0.00427404 0.0208127 2.33977e-16 0.974913 -1.89052e-15 1.89022e-15 
-11.0871 1.35933e+23 1.89009e-15 0.0043286 0.0210784 2.46397e-16 0.974593 -1.86608e-15 1.86578e-15 
-11.0741 1.38011e+23 1.86597e-15 0.00438384 0.0213474 2.59476e-16 0.974269 -1.84196e-15 1.84165e-15 
-11.0611 1.40115e+23 1.84215e-15 0.00443976 0.0216197 2.73248e-16 0.973941 -1.81815e-15 1.81784e-15 
-11.048 1.42246e+23 1.81865e-15 0.00449638 0.0218954 2.87749e-16 0.973608 -1.79465e-15 1.79433e-15 
-11.035 1.44405e+23 1.79544e-15 0.0045537 0.0221745 3.03019e-16 0.973272 -1.77145e-15 1.77113e-15 
-11.022 1.46592e+23 1.77254e-15 0.00461173 0.0224571 3.19098e-16 0.972931 -1.74855e-15 1.74823e-15 
-11.009 1.48807e+23 1.74993e-15 0.00467048 0.0227432 3.36029e-16 0.972586 -1.72595e-15 1.72562e-15 
-10.996 1.51051e+23 1.72762e-15 0.00472995 0.0230328 3.53856e-16 0.972237 -1.70364e-15 1.70331e-15 
-10.983 1.53324e+23 1.70559e-15 0.00479016 0.023326 3.72627e-16 0.971884 -1.68162e-15 1.68128e-15 
-10.97 1.55626e+23 1.68385e-15 0.00485112 0.0236228 3.92392e-16 0.971526 -1.65988e-15 1.65954e-15 
-10.957 1.57957e+23 1.66239e-15 0.00491283 0.0239233 4.13204e-16 0.971164 -1.63842e-15 1.63808e-15 
-10.9439 1.60319e+23 1.64121e-15 0.0049753 0.0242275 4.35117e-16 0.970797 -1.61725e-15 1.6169e-15 
-10.9309 1.62712e+23 1.6203e-15 0.00503854 0.0245355 4.5819e-16 0.970426 -1.59634e-15 1.59599e-15 
-10.9179 1.65135e+23 1.59966e-15 0.00510255 0.0248472 4.82485e-16 0.97005 -1.57571e-15 1.57535e-15 
-10.9049 1.67589e+23 1.57929e-15 0.00516736 0.0251628 5.08065e-16 0.96967 -1.55534e-15 1.55498e-15 
-10.8919 1.70075e+23 1.55918e-15 0.00523296 0.0254823 5.34999e-16 0.969285 -1.53524e-15 1.53487e-15 
-10.8789 1.72594e+23 1.53933e-15 0.00529937 0.0258056 5.63357e-16 0.968895 -1.51539e-15 1.51502e-15 
-10.8659 1.75144e+23 1.51974e-15 0.0053666 0.026133 5.93216e-16 0.9685 -1.49581e-15 1.49543e-15 
-10.8529 1.77728e+23 1.5004e-15 0.00543465 0.0264644 6.24654e-16 0.968101 -1.47647e-15 1.47609e-15 
-10.8398 1.80345e+23 1.48131e-15 0.00550353 0.0267998 6.57755e-16 0.967697 -1.45739e-15 1.457e-15 
-10.8268 1.82995e+23 1.46247e-15 0.00557326 0.0271393 6.92606e-16 0.967287 -1.43855e-15 1.43816e-15 
-10.8138 1.8568e+23 1.44387e-15 0.00564384 0.027483 7.293e-16 0.966873 -1.41996e-15 1.41956e-15 
-10.8008 1.88399e+23 1.42551e-15 0.00571528 0.0278309 7.67934e-16 0.966454 -1.4016e-15 1.4012e-15 
-10.7878 1.91153e+23 1.40739e-15 0.0057876 0.0281831 8.0861e-16 0.966029 -1.38349e-15 1.38308e-15 
-10.7748 1.93943e+23 1.38951e-15 0.0058608 0.0285395 8.51435e-16 0.9656 -1.36561e-15 1.3652e-15 
-10.7618 1.96769e+23 1.37185e-15 0.00593489 0.0289003 8.96524e-16 0.965165 -1.34796e-15 1.34754e-15 
-10.7487 1.99631e+23 1.35442e-15 0.00600988 0.0292655 9.43995e-16 0.964725 -1.33053e-15 1.33011e-15 
-10.7357 2.0253e+23 1.33722e-15 0.00608579 0.0296351 9.93974e-16 0.964279 -1.31334e-15 1.31291e-15 
-10.7227 2.05466e+23 1.32024e-15 0.00616262 0.0300093 1.04659e-15 0.963828 -1.29636e-15 1.29593e-15 
-10.7097 2.0844e+23 1.30348e-15 0.00624038 0.0303879 1.10199e-15 0.963372 -1.27961e-15 1.27917e-15 
-10.6967 2.11452e+23 1.28694e-15 0.00631908 0.0307712 1.16031e-15 0.96291 -1.26307e-15 1.26263e-15 
-10.6837 2.14503e+23 1.27061e-15 0.00639874 0.0311591 1.22172e-15 0.962442 -1.24675e-15 1.2463e-15 
-10.6707 2.17593e+23 1.25449e-15 0.00647937 0.0315517 1.28636e-15 0.961969 -1.23063e-15 1.23018e-15 
-10.6577 2.20722e+23 1.23858e-15 0.00656096 0.031949 1.35442e-15 0.96149 -1.21473e-15 1.21427e-15 
-10.6446 2.23892e+23 1.22287e-15 0.00664355 0.0323512 1.42607e-15 0.961005 -1.19903e-15 1.19857e-15 
-10.6316 2.27103e+23 1.20737e-15 0.00672713 0.0327582 1.50149e-15 0.960515 -1.18353e-15 1.18306e-15 
-10.6186 2.30355e+23 1.19207e-15 0.00681172 0.0331701 1.5809e-15 0.960018 -1.16824e-15 1.16776e-15 
-10.6056 2.33648e+23 1.17697e-15 0.00689733 0.033587 1.6645e-15 0.959516 -1.15314e-15 1.15266e-15 
-10.5926 2.36984e+23 1.16206e-15 0.00698397 0.0340089 1.75251e-15 0.959007 -1.13824e-15 1.13775e-15 
-10.5796 2.40363e+23 1.14734e-15 0.00707165 0.0344358 1.84515e-15 0.958493 -1.12353e-15 1.12304e-15 
-10.5666 2.43785e+23 1.13282e-15 0.00716038 0.0348679 1.94268e-15 0.957972 -1.10901e-15 1.10851e-15 
-10.5536 2.47251e+23 1.11848e-15 0.00725017 0.0353052 2.04536e-15 0.957445 -1.09468e-15 1.09417e-15 
-10.5405 2.50761e+23 1.10432e-15 0.00734105 0.0357477 2.15344e-15 0.956911 -1.08053e-15 1.08002e-15 
-10.5275 2.54316e+23 1.09035e-15 0.007433 0.0361955 2.26722e-15 0.956371 -1.06657e-15 1.06605e-15 
-10.5145 2.57917e+23 1.07657e-15 0.00752606 0.0366486 2.387e-15 0.955825 -1.05279e-15 1.05226e-15 
-10.5015 2.61564e+23 1.06295e-15 0.00762023 0.0371072 2.51308e-15 0.955273 -1.03918e-15 1.03865e-15 
-10.4885 2.65257e+23 1.04952e-15 0.00771552 0.0375712 2.6458e-15 0.954713 -1.02575e-15 1.02522e-15 
-10.4755 2.68998e+23 1.03626e-15 0.00781194 0.0380408 2.78552e-15 0.954147 -1.0125e-15 1.01195e-15 
-10.4625 2.72787e+23 1.02317e-15 0.00790951 0.0385159 2.93259e-15 0.953575 -9.99416e-16 9.98865e-16 
-10.4494 2.76624e+23 1.01025e-15 0.00800824 0.0389967 3.0874e-15 0.952995 -9.86502e-16 9.85944e-16 
-10.4364 2.8051e+23 9.97491e-16 0.00810814 0.0394831 3.25036e-15 0.952409 -9.73755e-16 9.7319e-16 
-10.4234 2.84446e+23 9.84902e-16 0.00820923 0.0399754 3.4219e-15 0.951815 -9.61173e-16 9.60601e-16 
-10.4104 2.88433e+23 9.72475e-16 0.00831151 0.0404734 3.60246e-15 0.951215 -9.48754e-16 9.48175e-16 
-10.3974 2.9247e+23 9.60209e-16 0.00841499 0.0409774 3.79252e-15 0.950608 -9.36495e-16 9.3591e-16 
-10.3844 2.96559e+23 9.48101e-16 0.0085197 0.0414872 3.99257e-15 0.949993 -9.24395e-16 9.23802e-16 
-10.3714 3.007e+23 9.3615e-16 0.00862564 0.0420031 4.20314e-15 0.949371 -9.12452e-16 9.11852e-16 
-10.3584 3.04893e+23 9.24353e-16 0.00873283 0.0425251 4.42479e-15 0.948742 -9.00663e-16 9.00055e-16 
-10.3453 3.09141e+23 9.12708e-16 0.00884128 0.0430532 4.65808e-15 0.948106 -8.89026e-16 8.88412e-16 
-10.3323 3.13442e+23 9.01214e-16 0.008951 0.0435875 4.90363e-15 0.947462 -8.7754e-16 8.76918e-16 
-10.3193 3.17799e+23 8.89869e-16 0.009062 0.044128 5.16208e-15 0.94681 -8.66203e-16 8.65573e-16 
-10.3063 3.22211e+23 8.7867e-16 0.00917431 0.0446749 5.43411e-15 0.946151 -8.55012e-16 8.54375e-16 
-10.2933 3.26679e+23 8.67616e-16 0.00928792 0.0452281 5.72042e-15 0.945484 -8.43966e-16 8.43322e-16 
-10.2803 3.31204e+23 8.56704e-16 0.00940286 0.0457878 6.02176e-15 0.944809 -8.33063e-16 8.32411e-16 
-10.2673 3.35786e+23 8.45934e-16 0.00951914 0.0463541 6.33893e-15 0.944127 -8.22301e-16 8.21641e-16 
-10.2543 3.40427e+23 8.35302e-16 0.00963677 0.0469269 6.67274e-15 0.943436 -8.11679e-16 8.1101e-16 
-10.2412 3.45127e+23 8.24808e-16 0.00975576 0.0475063 7.02406e-15 0.942738 -8.01193e-16 8.00517e-16 
-10.2282 3.49887e+23 8.1445e-16 0.00987614 0.0480925 7.39382e-15 0.942031 -7.90844e-16 7.90159e-16 
-10.2152 3.54708e+23 8.04225e-16 0.0099979 0.0486854 7.78296e-15 0.941317 -7.80628e-16 7.79936e-16 
-10.2022 3.59589e+23 7.94133e-16 0.0101211 0.0492853 8.19251e-15 0.940594 -7.70544e-16 7.69844e-16 
-10.1892 3.64533e+23 7.8417e-16 0.0102457 0.049892 8.62353e-15 0.939862 -7.60591e-16 7.59882e-16 
-10.1762 3.69539e+23 7.74337e-16 0.0103717 0.0505057 9.07714e-15 0.939123 -7.50767e-16 7.5005e-16 
-10.1632 3.74609e+23 7.6463e-16 0.0104992 0.0511264 9.55452e-15 0.938374 -7.4107e-16 7.40344e-16 
-10.1502 3.79744e+23 7.55049e-16 0.0106281 0.0517543 1.00569e-14 0.937618 -7.31498e-16 7.30764e-16 
-10.1371 3.84943e+23 7.45592e-16 0.0107585 0.0523894 1.05856e-14 0.936852 -7.22051e-16 7.21307e-16 
-10.1241 3.90209e+23 7.36257e-16 0.0108904 0.0530317 1.1142e-14 0.936078 -7.12725e-16 7.11973e-16 
-10.1111 3.95541e+23 7.27042e-16 0.0110239 0.0536814 1.17275e-14 0.935295 -7.0352e-16 7.02759e-16 
-10.0981 4.00941e+23 7.17946e-16 0.0111588 0.0543385 1.23436e-14 0.934503 -6.94435e-16 6.93665e-16 
-10.0851 4.06409e+23 7.08968e-16 0.0112953 0.055003 1.2992e-14 0.933702 -6.85466e-16 6.84687e-16 
-10.0721 4.11946e+23 7.00106e-16 0.0114333 0.0556751 1.36743e-14 0.932892 -6.76614e-16 6.75826e-16 
-10.0591 4.17554e+23 6.91358e-16 0.0115729 0.0563548 1.43923e-14 0.932072 -6.67877e-16 6.67079e-16 
-10.046 4.23232e+23 6.82723e-16 0.011714 0.0570422 1.51478e-14 0.931244 -6.59252e-16 6.58446e-16 
-10.033 4.28983e+23 6.742e-16 0.0118568 0.0577373 1.59428e-14 0.930406 -6.5074e-16 6.49923e-16 
-10.02 4.34805e+23 6.65787e-16 0.0120011 0.0584403 1.67793e-14 0.929559 -6.42337e-16 6.41511e-16 
-10.007 4.40702e+23 6.57482e-16 0.0121471 0.0591512 1.76596e-14 0.928702 -6.34043e-16 6.33208e-16 
-9.99399 4.46673e+23 6.49284e-16 0.0122947 0.05987 1.85858e-14 0.927835 -6.25857e-16 6.25011e-16 
-9.98098 4.52719e+23 6.41193e-16 0.012444 0.0605969 1.95603e-14 0.926959 -6.17776e-16 6.16921e-16 
-9.96797 4.58842e+23 6.33206e-16 0.012595 0.061332 2.05858e-14 0.926073 -6.098e-16 6.08935e-16 
-9.95495 4.65042e+23 6.25322e-16 0.0127476 0.0620752 2.16647e-14 0.925177 -6.01928e-16 6.01052e-16 
-9.94194 4.71319e+23 6.1754e-16 0.0129019 0.0628267 2.27999e-14 0.924271 -5.94157e-16 5.93271e-16 
-9.92893 4.77676e+23 6.09858e-16 0.0130579 0.0635865 2.39943e-14 0.923356 -5.86487e-16 5.85591e-16 
-9.91592 4.84114e+23 6.02275e-16 0.0132157 0.0643548 2.5251e-14 0.92243 -5.78916e-16 5.7801e-16 
-9.9029 4.90632e+23 5.9479e-16 0.0133752 0.0651315 2.65732e-14 0.921493 -5.71443e-16 5.70526e-16 
-9.88989 4.97232e+23 5.87402e-16 0.0135365 0.0659168 2.79642e-14 0.920547 -5.64067e-16 5.6314e-16 
-9.87688 5.03915e+23 5.8011e-16 0.0136995 0.0667108 2.94278e-14 0.91959 -5.56786e-16 5.55848e-16 
-9.86386 5.10682e+23 5.72911e-16 0.0138644 0.0675135 3.09675e-14 0.918622 -5.496e-16 5.48651e-16 
-9.85085 5.17534e+23 5.65805e-16 0.014031 0.0683249 3.25874e-14 0.917644 -5.42507e-16 5.41547e-16 
-9.83784 5.24472e+23 5.58791e-16 0.0141995 0.0691453 3.42915e-14 0.916655 -5.35505e-16 5.34535e-16 
-9.82482 5.31498e+23 5.51868e-16 0.0143698 0.0699745 3.60844e-14 0.915656 -5.28594e-16 5.27613e-16 
-9.81181 5.38611e+23 5.45034e-16 0.0145419 0.0708128 3.79704e-14 0.914645 -5.21773e-16 5.2078e-16 
-9.7988 5.45813e+23 5.38288e-16 0.0147159 0.0716602 3.99545e-14 0.913624 -5.1504e-16 5.14036e-16 
-9.78579 5.53106e+23 5.31629e-16 0.0148918 0.0725168 4.20418e-14 0.912591 -5.08394e-16 5.07379e-16 
-9.77277 5.6049e+23 5.25056e-16 0.0150696 0.0733826 4.42374e-14 0.911548 -5.01835e-16 5.00808e-16 
-9.75976 5.67967e+23 5.18568e-16 0.0152494 0.0742578 4.65471e-14 0.910493 -4.9536e-16 4.94321e-16 
-9.74675 5.75537e+23 5.12163e-16 0.015431 0.0751423 4.89767e-14 0.909427 -4.88969e-16 4.87919e-16 
-9.73373 5.83201e+23 5.05841e-16 0.0156146 0.0760363 5.15325e-14 0.908349 -4.82661e-16 4.81599e-16 
-9.72072 5.90962e+23 4.99601e-16 0.0158002 0.0769399 5.42208e-14 0.90726 -4.76435e-16 4.7536e-16 
-9.70771 5.98819e+23 4.93441e-16 0.0159877 0.0778531 5.70485e-14 0.906159 -4.70289e-16 4.69203e-16 
-9.69469 6.06774e+23 4.87361e-16 0.0161772 0.078776 6.00229e-14 0.905047 -4.64223e-16 4.63124e-16 
-9.68168 6.14829e+23 4.81359e-16 0.0163687 0.0797086 6.31514e-14 0.903923 -4.58235e-16 4.57125e-16 
-9.66867 6.22984e+23 4.75435e-16 0.0165623 0.0806512 6.6442e-14 0.902787 -4.52325e-16 4.51202e-16 
-9.65566 6.3124e+23 4.69587e-16 0.0167579 0.0816036 6.9903e-14 0.901638 -4.46492e-16 4.45356e-16 
-9.64264 6.396e+23 4.63814e-16 0.0169555 0.0825661 7.35433e-14 0.900478 -4.40734e-16 4.39586e-16 
-9.62963 6.48063e+23 4.58116e-16 0.0171553 0.0835387 7.73719e-14 0.899306 -4.35051e-16 4.3389e-16 
-9.61662 6.56631e+23 4.52491e-16 0.0173571 0.0845214 8.13985e-14 0.898122 -4.29441e-16 4.28267e-16 
-9.6036 6.65307e+23 4.46939e-16 0.017561 0.0855143 8.56334e-14 0.896925 -4.23905e-16 4.22717e-16 
-9.59059 6.74089e+23 4.41458e-16 0.017767 0.0865176 9.00872e-14 0.895715 -4.1844e-16 4.17239e-16 
-9.57758 6.82981e+23 4.36048e-16 0.0179752 0.0875313 9.47712e-14 0.894494 -4.13045e-16 4.11832e-16 
-9.56456 6.91983e+23 4.30708e-16 0.0181855 0.0885554 9.96971e-14 0.893259 -4.07721e-16 4.06494e-16 
-9.55155 7.01097e+23 4.25437e-16 0.018398 0.08959 1.04877e-13 0.892012 -4.02465e-16 4.01225e-16 
-9.53854 7.10323e+23 4.20233e-16 0.0186126 0.0906353 1.10325e-13 0.890752 -3.97278e-16 3.96024e-16 
-9.52553 7.19664e+23 4.15097e-16 0.0188294 0.0916912 1.16054e-13 0.889479 -3.92158e-16 3.90891e-16 
-9.51251 7.2912e+23 4.10026e-16 0.0190485 0.0927579 1.22078e-13 0.888194 -3.87105e-16 3.85823e-16 
-9.4995 7.38694e+23 4.05022e-16 0.0192698 0.0938354 1.28412e-13 0.886895 -3.82117e-16 3.80821e-16 
-9.48649 7.48385e+23 4.00081e-16 0.0194933 0.0949239 1.35073e-13 0.885583 -3.77193e-16 3.75884e-16 
-9.47347 7.58196e+23 3.95204e-16 0.0197191 0.0960233 1.42078e-13 0.884258 -3.72334e-16 3.7101e-16 
-9.46046 7.68128e+23 3.90391e-16 0.0199471 0.0971338 1.49442e-13 0.882919 -3.67537e-16 3.66199e-16 
-9.44745 7.78183e+23 3.85639e-16 0.0201774 0.0982553 1.57186e-13 0.881567 -3.62803e-16 3.6145e-16 
-9.43443 7.88361e+23 3.80948e-16 0.0204101 0.0993881 1.65328e-13 0.880202 -3.5813e-16 3.56763e-16 
-9.42142 7.98665e+23 3.76318e-16 0.020645 0.100532 1.73889e-13 0.878823 -3.53517e-16 3.52136e-16 
-9.40841 8.09095e+23 3.71747e-16 0.0208823 0.101688 1.82889e-13 0.87743 -3.48965e-16 3.47568e-16 
-9.3954 8.19654e+23 3.67235e-16 0.0211219 0.102854 1.92353e-13 0.876024 -3.44471e-16 3.4306e-16 
-9.38238 8.30342e+23 3.62782e-16 0.0213638 0.104033 2.02302e-13 0.874604 -3.40036e-16 3.3861e-16 
-9.36937 8.41161e+23 3.58385e-16 0.0216082 0.105222 2.12761e-13 0.873169 -3.35658e-16 3.34217e-16 
-9.35636 8.52114e+23 3.54046e-16 0.0218549 0.106424 2.23757e-13 0.871721 -3.31337e-16 3.29881e-16 
-9.34334 8.632e+23 3.49762e-16 0.022104 0.107637 2.35318e-13 0.870259 -3.27072e-16 3.25601e-16 
-9.33033 8.74422e+23 3.45533e-16 0.0223555 0.108862 2.4747e-13 0.868783 -3.22863e-16 3.21376e-16 
-9.31732 8.85781e+23 3.41359e-16 0.0226095 0.110098 2.60245e-13 0.867292 -3.18708e-16 3.17205e-16 
-9.3043 8.97279e+23 3.37238e-16 0.0228659 0.111347 2.73675e-13 0.865787 -3.14607e-16 3.13088e-16 
-9.29129 9.08918e+23 3.3317e-16 0.0231247 0.112607 2.87791e-13 0.864268 -3.10559e-16 3.09025e-16 
-9.27828 9.20698e+23 3.29155e-16 0.023386 0.11388 3.0263e-13 0.862734 -3.06564e-16 3.05014e-16 
-9.26527 9.32623e+23 3.25191e-16 0.0236498 0.115164 3.18228e-13 0.861186 -3.02621e-16 3.01054e-16 
-9.25225 9.44692e+23 3.21279e-16 0.0239161 0.116461 3.34622e-13 0.859623 -2.98729e-16 2.97146e-16 
-9.23924 9.56909e+23 3.17417e-16 0.0241849 0.11777 3.51855e-13 0.858045 -2.94887e-16 2.93288e-16 
-9.22623 9.69274e+23 3.13604e-16 0.0244562 0.119091 3.69966e-13 0.856453 -2.91095e-16 2.8948e-16 
-9.21321 9.81789e+23 3.0984e-16 0.02473 0.120425 3.89003e-13 0.854845 -2.87353e-16 2.85721e-16 
-9.2002 9.94456e+23 3.06125e-16 0.0250064 0.12177 4.0901e-13 0.853223 -2.83659e-16 2.8201e-16 
-9.18719 1.00728e+24 3.02458e-16 0.0252853 0.123129 4.30036e-13 0.851586 -2.80013e-16 2.78348e-16 
-9.17417 1.02025e+24 2.98837e-16 0.0255668 0.124499 4.52135e-13 0.849934 -2.76415e-16 2.74732e-16 
-9.16116 1.03339e+24 2.95263e-16 0.0258509 0.125883 4.75358e-13 0.848267 -2.72863e-16 2.71163e-16 
-9.14815 1.04668e+24 2.91735e-16 0.0261375 0.127278 4.99764e-13 0.846584 -2.69357e-16 2.6764e-16 
-9.13514 1.06013e+24 2.88253e-16 0.0264268 0.128687 5.2541e-13 0.844886 -2.65897e-16 2.64163e-16 
-9.12212 1.07375e+24 2.84815e-16 0.0267186 0.130108 5.52361e-13 0.843173 -2.62482e-16 2.6073e-16 
-9.10911 1.08753e+24 2.81421e-16 0.0270131 0.131542 5.80681e-13 0.841445 -2.59111e-16 2.57342e-16 
-9.0961 1.10147e+24 2.78071e-16 0.0273102 0.132989 6.1044e-13 0.839701 -2.55784e-16 2.53998e-16 
-9.08308 1.11559e+24 2.74764e-16 0.02761 0.134448 6.41709e-13 0.837942 -2.525e-16 2.50696e-16 
-9.07007 1.12987e+24 2.71499e-16 0.0279123 0.135921 6.74564e-13 0.836167 -2.49259e-16 2.47437e-16 
-9.05706 1.14433e+24 2.68277e-16 0.0282174 0.137406 7.09084e-13 0.834376 -2.4606e-16 2.4422e-16 
-9.04404 1.15896e+24 2.65095e-16 0.0285251 0.138905 7.45354e-13 0.83257 -2.42903e-16 2.41045e-16 
-9.03103 1.17376e+24 2.61955e-16 0.0288355 0.140416 7.83461e-13 0.830748 -2.39787e-16 2.37911e-16 
-9.01802 1.18874e+24 2.58854e-16 0.0291486 0.141941 8.23496e-13 0.828911 -2.36711e-16 2.34817e-16 
-9.00501 1.2039e+24 2.55794e-16 0.0294643 0.143478 8.65556e-13 0.827057 -2.33675e-16 2.31762e-16 
-8.99199 1.21924e+24 2.52773e-16 0.0297828 0.145029 9.09742e-13 0.825188 -2.30679e-16 2.28748e-16 
-8.97898 1.23477e+24 2.4979e-16 0.0301039 0.146593 9.56161e-13 0.823303 -2.27721e-16 2.25772e-16 
-8.96597 1.25048e+24 2.46846e-16 0.0304278 0.14817 1.00492e-12 0.821402 -2.24803e-16 2.22834e-16 
-8.95295 1.26638e+24 2.43939e-16 0.0307544 0.149761 1.05615e-12 0.819485 -2.21922e-16 2.19935e-16 
-8.93994 1.28247e+24 2.4107e-16 0.0310838 0.151364 1.10995e-12 0.817552 -2.19078e-16 2.17072e-16 
-8.92693 1.29875e+24 2.38237e-16 0.0314158 0.152981 1.16647e-12 0.815603 -2.16272e-16 2.14247e-16 
-8.91391 1.31522e+24 2.35441e-16 0.0317506 0.154612 1.22584e-12 0.813638 -2.13502e-16 2.11458e-16 
-8.9009 1.33189e+24 2.32681e-16 0.0320882 0.156255 1.28819e-12 0.811656 -2.10769e-16 2.08705e-16 
-8.88789 1.34875e+24 2.29955e-16 0.0324285 0.157913 1.35368e-12 0.809659 -2.0807e-16 2.05988e-16 
-8.87487 1.36582e+24 2.27265e-16 0.0327715 0.159583 1.42246e-12 0.807645 -2.05407e-16 2.03305e-16 
-8.86186 1.38308e+24 2.24609e-16 0.0331173 0.161267 1.4947e-12 0.805616 -2.02779e-16 2.00657e-16 
-8.84885 1.40056e+24 2.21987e-16 0.0334659 0.162964 1.57056e-12 0.80357 -2.00185e-16 1.98044e-16 
-8.83584 1.41823e+24 2.19399e-16 0.0338172 0.164675 1.65023e-12 0.801508 -1.97625e-16 1.95464e-16 
-8.82282 1.43612e+24 2.16844e-16 0.0341713 0.166399 1.73389e-12 0.799429 -1.95098e-16 1.92917e-16 
-8.80981 1.45421e+24 2.14321e-16 0.0345282 0.168137 1.82175e-12 0.797335 -1.92604e-16 1.90403e-16 
-8.7968 1.47252e+24 2.11831e-16 0.0348878 0.169889 1.91401e-12 0.795224 -1.90142e-16 1.87921e-16 
-8.78378 1.49105e+24 2.09373e-16 0.0352502 0.171653 2.01088e-12 0.793096 -1.87713e-16 1.85472e-16 
-8.77077 1.50979e+24 2.06946e-16 0.0356154 0.173432 2.1126e-12 0.790953 -1.85315e-16 1.83054e-16 
-8.75776 1.52875e+24 2.04549e-16 0.0359834 0.175223 2.2194e-12 0.788793 -1.82948e-16 1.80667e-16 
-8.74474 1.54794e+24 2.02184e-16 0.0363541 0.177029 2.33153e-12 0.786617 -1.80613e-16 1.78311e-16 
-8.73173 1.56734e+24 1.99849e-16 0.0367277 0.178848 2.44926e-12 0.784425 -1.78307e-16 1.75986e-16 
-8.71872 1.58698e+24 1.97543e-16 0.0371039 0.18068 2.57286e-12 0.782216 -1.76032e-16 1.7369e-16 
-8.70571 1.60684e+24 1.95267e-16 0.037483 0.182526 2.70262e-12 0.779991 -1.73787e-16 1.71424e-16 
-8.69269 1.62694e+24 1.9302e-16 0.0378649 0.184385 2.83884e-12 0.77775 -1.71571e-16 1.69187e-16 
-8.67968 1.64727e+24 1.90802e-16 0.0382495 0.186258 2.98185e-12 0.775492 -1.69383e-16 1.66979e-16 
-8.66667 1.66783e+24 1.88612e-16 0.0386368 0.188145 3.13196e-12 0.773219 -1.67225e-16 1.648e-16 
-8.65365 1.68863e+24 1.86449e-16 0.039027 0.190044 3.28953e-12 0.770929 -1.65094e-16 1.62648e-16 
-8.64064 1.70968e+24 1.84315e-16 0.0394199 0.191958 3.45492e-12 0.768622 -1.62992e-16 1.60525e-16 
-8.62763 1.73097e+24 1.82207e-16 0.0398155 0.193884 3.62853e-12 0.7663 -1.60916e-16 1.58428e-16 
-8.61461 1.7525e+24 1.80127e-16 0.040214 0.195824 3.81073e-12 0.763962 -1.58868e-16 1.56359e-16 
-8.6016 1.77428e+24 1.78072e-16 0.0406151 0.197778 4.00197e-12 0.761607 -1.56847e-16 1.54317e-16 
-8.58859 1.79632e+24 1.76044e-16 0.041019 0.199745 4.20268e-12 0.759236 -1.54852e-16 1.52301e-16 
-8.57558 1.81861e+24 1.74042e-16 0.0414256 0.201725 4.41331e-12 0.756849 -1.52883e-16 1.5031e-16 
-8.56256 1.84115e+24 1.72065e-16 0.041835 0.203718 4.63436e-12 0.754447 -1.5094e-16 1.48346e-16 
-8.54955 1.86395e+24 1.70114e-16 0.0422471 0.205725 4.86632e-12 0.752028 -1.49022e-16 1.46407e-16 
-8.53654 1.88702e+24 1.68187e-16 0.0426619 0.207745 5.10974e-12 0.749593 -1.47129e-16 1.44493e-16 
-8.52352 1.91034e+24 1.66284e-16 0.0430794 0.209778 5.36516e-12 0.747143 -1.45261e-16 1.42603e-16 
-8.51051 1.93394e+24 1.64406e-16 0.0434996 0.211824 5.63316e-12 0.744677 -1.43418e-16 1.40738e-16 
-8.4975 1.9578e+24 1.62552e-16 0.0439224 0.213883 5.91437e-12 0.742194 -1.41598e-16 1.38897e-16 
-8.48448 1.98194e+24 1.60721e-16 0.044348 0.215955 6.20941e-12 0.739697 -1.39803e-16 1.3708e-16 
-8.47147 2.00635e+24 1.58913e-16 0.0447762 0.218041 6.51895e-12 0.737183 -1.38031e-16 1.35286e-16 
-8.45846 2.03104e+24 1.57128e-16 0.045207 0.220139 6.8437e-12 0.734654 -1.36282e-16 1.33516e-16 
-8.44545 2.05601e+24 1.55366e-16 0.0456405 0.22225 7.1844e-12 0.73211 -1.34556e-16 1.31768e-16 
-8.43243 2.08126e+24 1.53626e-16 0.0460767 0.224373 7.5418e-12 0.72955 -1.32852e-16 1.30043e-16 
-8.41942 2.1068e+24 1.51908e-16 0.0465154 0.22651 7.91672e-12 0.726975 -1.31171e-16 1.2834e-16 
-8.40641 2.13262e+24 1.50212e-16 0.0469567 0.228659 8.31e-12 0.724384 -1.29512e-16 1.26659e-16 
-8.39339 2.15874e+24 1.48538e-16 0.0474007 0.230821 8.72252e-12 0.721779 -1.27874e-16 1.25e-16 
-8.38038 2.18515e+24 1.46884e-16 0.0478472 0.232995 9.1552e-12 0.719158 -1.26258e-16 1.23362e-16 
-8.36737 2.21186e+24 1.45251e-16 0.0482962 0.235182 9.60902e-12 0.716522 -1.24664e-16 1.21746e-16 
-8.35435 2.23887e+24 1.4364e-16 0.0487478 0.237381 1.0085e-11 0.713872 -1.2309e-16 1.2015e-16 
-8.34134 2.26618e+24 1.42048e-16 0.0492019 0.239592 1.05842e-11 0.711206 -1.21537e-16 1.18575e-16 
-8.32833 2.2938e+24 1.40476e-16 0.0496585 0.241815 1.11077e-11 0.708526 -1.20004e-16 1.1702e-16 
-8.31532 2.32172e+24 1.38925e-16 0.0501176 0.244051 1.16567e-11 0.705831 -1.18491e-16 1.15485e-16 
-8.3023 2.34996e+24 1.37392e-16 0.0505792 0.246299 1.22324e-11 0.703122 -1.16998e-16 1.13971e-16 
-8.28929 2.37851e+24 1.35879e-16 0.0510432 0.248558 1.2836e-11 0.700399 -1.15525e-16 1.12475e-16 
-8.27628 2.40738e+24 1.34386e-16 0.0515096 0.250829 1.3469e-11 0.697661 -1.14071e-16 1.11e-16 
-8.26326 2.43658e+24 1.32911e-16 0.0519784 0.253112 1.41327e-11 0.694909 -1.12636e-16 1.09543e-16 
-8.25025 2.46609e+24 1.31454e-16 0.0524497 0.255407 1.48286e-11 0.692143 -1.1122e-16 1.08105e-16 
-8.23724 2.49593e+24 1.30016e-16 0.0529232 0.257713 1.55581e-11 0.689364 -1.09822e-16 1.06686e-16 
-8.22422 2.5261e+24 1.28596e-16 0.0533992 0.260031 1.6323e-11 0.68657 -1.08443e-16 1.05285e-16 
-8.21121 2.55661e+24 1.27193e-16 0.0538774 0.26236 1.71248e-11 0.683763 -1.07082e-16 1.03902e-16 
-8.1982 2.58745e+24 1.25809e-16 0.0543579 0.2647 1.79654e-11 0.680942 -1.05739e-16 1.02537e-16 
-8.18519 2.61862e+24 1.24441e-16 0.0548407 0.267051 1.88465e-11 0.678109 -1.04413e-16 1.0119e-16 
-8.17217 2.65015e+24 1.23091e-16 0.0553258 0.269413 1.97702e-11 0.675262 -1.03105e-16 9.98599e-17 
-8.15916 2.68201e+24 1.21758e-16 0.0558131 0.271785 2.07383e-11 0.672402 -1.01814e-16 9.85473e-17 
-8.14615 2.71423e+24 1.20441e-16 0.0563025 0.274169 2.1753e-11 0.669529 -1.0054e-16 9.72518e-17 
-8.13313 2.7468e+24 1.19141e-16 0.0567941 0.276563 2.28165e-11 0.666643 -9.9283e-17 9.5973e-17 
-8.12012 2.77972e+24 1.17857e-16 0.0572879 0.278967 2.39311e-11 0.663745 -9.80423e-17 9.47108e-17 
-8.10711 2.813e+24 1.1659e-16 0.0577837 0.281382 2.50993e-11 0.660835 -9.68179e-17 9.3465e-17 
-8.09409 2.84664e+24 1.15338e-16 0.0582817 0.283806 2.63234e-11 0.657912 -9.56097e-17 9.22354e-17 
-8.08108 2.88065e+24 1.14101e-16 0.0587817 0.286241 2.76062e-11 0.654977 -9.44174e-17 9.10217e-17 
-8.06807 2.91502e+24 1.1288e-16 0.0592837 0.288686 2.89503e-11 0.65203 -9.32407e-17 8.98237e-17 
-8.05506 2.94977e+24 1.11674e-16 0.0597877 0.29114 3.03588e-11 0.649072 -9.20795e-17 8.86414e-17 
-8.04204 2.98489e+24 1.10484e-16 0.0602937 0.293604 3.18346e-11 0.646102 -9.09337e-17 8.74743e-17 
-8.02903 3.02039e+24 1.09308e-16 0.0608016 0.296077 3.33808e-11 0.643121 -8.98029e-17 8.63224e-17 
-8.01602 3.05627e+24 1.08146e-16 0.0613113 0.29856 3.50007e-11 0.640129 -8.8687e-17 8.51855e-17 
-8.003 3.09254e+24 1.06999e-16 0.061823 0.301051 3.66979e-11 0.637126 -8.75858e-17 8.40634e-17 
-7.98999 3.1292e+24 1.05867e-16 0.0623365 0.303552 3.84758e-11 0.634112 -8.64991e-17 8.29559e-17 
-7.97698 3.16624e+24 1.04748e-16 0.0628518 0.306061 4.03382e-11 0.631088 -8.54267e-17 8.18627e-17 
-7.96396 3.20368e+24 1.03643e-16 0.0633688 0.308578 4.22892e-11 0.628053 -8.43684e-17 8.07838e-17 
-7.95095 3.24152e+24 1.02552e-16 0.0638875 0.311105 4.43327e-11 0.625008 -8.33241e-17 7.97189e-17 
-7.93794 3.27977e+24 1.01475e-16 0.064408 0.313639 4.64732e-11 0.621953 -8.22936e-17 7.86679e-17 
-7.92492 3.31842e+24 1.0041e-16 0.0649301 0.316181 4.87151e-11 0.618889 -8.12767e-17 7.76306e-17 
-7.91191 3.35747e+24 9.93593e-17 0.0654538 0.318732 5.1063e-11 0.615814 -8.02731e-17 7.66068e-17 
-7.8989 3.39694e+24 9.83212e-17 0.0659791 0.32129 5.3522e-11 0.612731 -7.92828e-17 7.55964e-17 
-7.88589 3.43683e+24 9.72959e-17 0.066506 0.323855 5.60972e-11 0.609639 -7.83056e-17 7.45991e-17 
-7.87287 3.47714e+24 9.62832e-17 0.0670343 0.326428 5.87939e-11 0.606538 -7.73413e-17 7.36148e-17 
-7.85986 3.51787e+24 9.52829e-17 0.0675642 0.329008 6.16177e-11 0.603428 -7.63896e-17 7.26434e-17 
-7.84685 3.55903e+24 9.4295e-17 0.0680954 0.331595 6.45746e-11 0.60031 -7.54506e-17 7.16846e-17 
-7.83383 3.60061e+24 9.33192e-17 0.068628 0.334189 6.76706e-11 0.597183 -7.45239e-17 7.07384e-17 
-7.82082 3.64264e+24 9.23554e-17 0.069162 0.336789 7.09121e-11 0.594049 -7.36095e-17 6.98045e-17 
-7.80781 3.6851e+24 9.14034e-17 0.0696973 0.339396 7.43059e-11 0.590907 -7.27071e-17 6.88829e-17 
-7.79479 3.728e+24 9.0463e-17 0.0702339 0.342009 7.78589e-11 0.587758 -7.18167e-17 6.79733e-17 
-7.78178 3.77135e+24 8.95342e-17 0.0707717 0.344627 8.15785e-11 0.584601 -7.0938e-17 6.70756e-17 
-7.76877 3.81515e+24 8.86168e-17 0.0713107 0.347252 8.54722e-11 0.581437 -7.00709e-17 6.61896e-17 
-7.75576 3.8594e+24 8.77105e-17 0.0718508 0.349882 8.95481e-11 0.578267 -6.92153e-17 6.53153e-17 
-7.74274 3.9041e+24 8.68153e-17 0.072392 0.352518 9.38145e-11 0.57509 -6.8371e-17 6.44524e-17 
-7.72973 3.94927e+24 8.5931e-17 0.0729343 0.355158 9.82801e-11 0.571908 -6.75378e-17 6.36008e-17 
-7.71672 3.9949e+24 8.50575e-17 0.0734776 0.357804 1.02954e-10 0.568719 -6.67157e-17 6.27604e-17 
-7.7037 4.041e+24 8.41946e-17 0.0740218 0.360454 1.07846e-10 0.565524 -6.59044e-17 6.1931e-17 
-7.69069 4.08758e+24 8.33423e-17 0.074567 0.363109 1.12965e-10 0.562324 -6.51038e-17 6.11125e-17 
-7.67768 4.13462e+24 8.25002e-17 0.0751131 0.365768 1.18322e-10 0.559119 -6.43138e-17 6.03048e-17 
-7.66466 4.18215e+24 8.16684e-17 0.07566 0.368432 1.23929e-10 0.555908 -6.35343e-17 5.95077e-17 
-7.65165 4.23016e+24 8.08466e-17 0.0762078 0.371099 1.29795e-10 0.552694 -6.2765e-17 5.8721e-17 
-7.63864 4.27866e+24 8.00348e-17 0.0767562 0.373769 1.35934e-10 0.549474 -6.20059e-17 5.79447e-17 
-7.62563 4.32765e+24 7.92328e-17 0.0773054 0.376444 1.42357e-10 0.546251 -6.12569e-17 5.71786e-17 
-7.61261 4.37714e+24 7.84405e-17 0.0778552 0.379121 1.49077e-10 0.543024 -6.05178e-17 5.64226e-17 
-7.5996 4.42712e+24 7.76577e-17 0.0784057 0.381802 1.56108e-10 0.539793 -5.97884e-17 5.56766e-17 
-7.58659 4.47761e+24 7.68844e-17 0.0789567 0.384485 1.63464e-10 0.536558 -5.90687e-17 5.49404e-17 
-7.57357 4.52861e+24 7.61204e-17 0.0795083 0.387171 1.71159e-10 0.533321 -5.83585e-17 5.42139e-17 
-7.56056 4.58011e+24 7.53655e-17 0.0800603 0.389859 1.79209e-10 0.530081 -5.76577e-17 5.3497e-17 
-7.54755 4.63213e+24 7.46197e-17 0.0806128 0.392549 1.87629e-10 0.526838 -5.69661e-17 5.27896e-17 
-7.53453 4.68468e+24 7.38829e-17 0.0811656 0.395241 1.96437e-10 0.523593 -5.62837e-17 5.20915e-17 
-7.52152 4.73774e+24 7.31548e-17 0.0817188 0.397935 2.05649e-10 0.520346 -5.56103e-17 5.14027e-17 
-7.50851 4.79133e+24 7.24355e-17 0.0822723 0.40063 2.15284e-10 0.517098 -5.49459e-17 5.0723e-17 
-7.4955 4.84546e+24 7.17248e-17 0.082826 0.403327 2.25362e-10 0.513847 -5.42902e-17 5.00523e-17 
-7.48248 4.90012e+24 7.10225e-17 0.0833799 0.406024 2.35901e-10 0.510596 -5.36432e-17 4.93904e-17 
-7.46947 4.95532e+24 7.03286e-17 0.083934 0.408722 2.46922e-10 0.507344 -5.30047e-17 4.87373e-17 
-7.45646 5.01106e+24 6.9643e-17 0.0844882 0.411421 2.58448e-10 0.504091 -5.23747e-17 4.80929e-17 
-7.44344 5.06735e+24 6.89655e-17 0.0850424 0.41412 2.705e-10 0.500838 -5.1753e-17 4.74571e-17 
-7.43043 5.1242e+24 6.8296e-17 0.0855967 0.416819 2.83102e-10 0.497585 -5.11395e-17 4.68297e-17 
-7.41742 5.1816e+24 6.76345e-17 0.0861509 0.419517 2.96279e-10 0.494332 -5.05342e-17 4.62106e-17 
-7.4044 5.23956e+24 6.69808e-17 0.086705 0.422216 3.10055e-10 0.491079 -4.99368e-17 4.55998e-17 
-7.39139 5.29809e+24 6.63348e-17 0.087259 0.424914 3.24459e-10 0.487827 -4.93474e-17 4.49971e-17 
-7.37838 5.35718e+24 6.56964e-17 0.0878129 0.427611 3.39517e-10 0.484577 -4.87657e-17 4.44024e-17 
-7.36537 5.41685e+24 6.50656e-17 0.0883665 0.430306 3.5526e-10 0.481327 -4.81917e-17 4.38157e-17 
-7.35235 5.4771e+24 6.44422e-17 0.0889198 0.433001 3.71716e-10 0.478079 -4.76253e-17 4.32368e-17 
-7.33934 5.53793e+24 6.38261e-17 0.0894729 0.435694 3.88918e-10 0.474833 -4.70664e-17 4.26656e-17 
-7.32633 5.59935e+24 6.32172e-17 0.0900255 0.438385 4.06899e-10 0.471589 -4.65149e-17 4.2102e-17 
-7.31331 5.66135e+24 6.26154e-17 0.0905778 0.441074 4.25694e-10 0.468348 -4.59706e-17 4.1546e-17 
-7.3003 5.72396e+24 6.20207e-17 0.0911296 0.443761 4.45338e-10 0.465109 -4.54336e-17 4.09974e-17 
-7.28729 5.78716e+24 6.14329e-17 0.0916809 0.446446 4.65869e-10 0.461873 -4.49036e-17 4.04561e-17 
-7.27427 5.85096e+24 6.0852e-17 0.0922316 0.449128 4.87325e-10 0.45864 -4.43806e-17 3.99221e-17 
-7.26126 5.91538e+24 6.02779e-17 0.0927818 0.451807 5.09749e-10 0.455411 -4.38645e-17 3.93953e-17 
-7.24825 5.98041e+24 5.97104e-17 0.0933313 0.454483 5.33182e-10 0.452186 -4.33553e-17 3.88755e-17 
-7.23524 6.04605e+24 5.91495e-17 0.0938802 0.457156 5.57669e-10 0.448964 -4.28527e-17 3.83627e-17 
-7.22222 6.11232e+24 5.85951e-17 0.0944283 0.459825 5.83256e-10 0.445747 -4.23568e-17 3.78568e-17 
-7.20921 6.17921e+24 5.80471e-17 0.0949756 0.46249 6.09991e-10 0.442534 -4.18674e-17 3.73577e-17 
-7.1962 6.24674e+24 5.75054e-17 0.0955221 0.465151 6.37925e-10 0.439327 -4.13845e-17 3.68652e-17 
-7.18318 6.31489e+24 5.697e-17 0.0960678 0.467808 6.67111e-10 0.436124 -4.0908e-17 3.63795e-17 
-7.17017 6.38369e+24 5.64407e-17 0.0966125 0.470461 6.97603e-10 0.432926 -4.04377e-17 3.59002e-17 
-7.15716 6.45314e+24 5.59175e-17 0.0971563 0.473109 7.29458e-10 0.429734 -3.99736e-17 3.54275e-17 
-7.14414 6.52323e+24 5.54003e-17 0.0976992 0.475752 7.62736e-10 0.426548 -3.95156e-17 3.49611e-17 
-7.13113 6.59398e+24 5.4889e-17 0.0982409 0.478391 7.975e-10 0.423368 -3.90637e-17 3.4501e-17 
-7.11812 6.66538e+24 5.43836e-17 0.0987816 0.481024 8.33813e-10 0.420195 -3.86177e-17 3.40471e-17 
-7.10511 6.73745e+24 5.38839e-17 0.0993212 0.483651 8.71744e-10 0.417028 -3.81775e-17 3.35993e-17 
-7.09209 6.81018e+24 5.339e-17 0.0998596 0.486273 9.11362e-10 0.413868 -3.77432e-17 3.31576e-17 
-7.07908 6.88359e+24 5.29016e-17 0.100397 0.488889 9.52743e-10 0.410714 -3.73145e-17 3.27219e-17 
-7.06607 6.95767e+24 5.24188e-17 0.100933 0.491499 9.95961e-10 0.407569 -3.68915e-17 3.22921e-17 
-7.05305 7.03244e+24 5.19415e-17 0.101467 0.494102 1.0411e-09 0.40443 -3.64741e-17 3.18681e-17 
-7.04004 7.10789e+24 5.14695e-17 0.102001 0.496699 1.08823e-09 0.4013 -3.60621e-17 3.14499e-17 
-7.02703 7.18403e+24 5.10029e-17 0.102533 0.49929 1.13746e-09 0.398177 -3.56555e-17 3.10374e-17 
-7.01401 7.26087e+24 5.05415e-17 0.103063 0.501873 1.18886e-09 0.395063 -3.52543e-17 3.06304e-17 
-7.001 7.33841e+24 5.00853e-17 0.103592 0.50445 1.24254e-09 0.391958 -3.48583e-17 3.0229e-17 
-6.98799 7.41665e+24 4.96343e-17 0.10412 0.507019 1.29859e-09 0.388861 -3.44675e-17 2.9833e-17 
-6.97497 7.49561e+24 4.91883e-17 0.104646 0.509581 1.35711e-09 0.385773 -3.40819e-17 2.94425e-17 
-6.96196 7.57528e+24 4.87472e-17 0.105171 0.512135 1.41821e-09 0.382694 -3.37012e-17 2.90573e-17 
-6.94895 7.65567e+24 4.83111e-17 0.105694 0.514682 1.482e-09 0.379624 -3.33256e-17 2.86773e-17 
-6.93594 7.73678e+24 4.78799e-17 0.106215 0.517221 1.5486e-09 0.376565 -3.29549e-17 2.83025e-17 
-6.92292 7.81863e+24 4.74534e-17 0.106735 0.519751 1.61813e-09 0.373514 -3.2589e-17 2.79328e-17 
-6.90991 7.90121e+24 4.70317e-17 0.107252 0.522273 1.69072e-09 0.370474 -3.22279e-17 2.75682e-17 
-6.8969 7.98453e+24 4.66146e-17 0.107769 0.524787 1.76649e-09 0.367445 -3.18715e-17 2.72085e-17 
-6.88388 8.06859e+24 4.62022e-17 0.108283 0.527292 1.84558e-09 0.364425 -3.15197e-17 2.68538e-17 
-6.87087 8.1534e+24 4.57943e-17 0.108796 0.529788 1.92814e-09 0.361417 -3.11725e-17 2.65039e-17 
-6.85786 8.23897e+24 4.53909e-17 0.109306 0.532275 2.01431e-09 0.358419 -3.08299e-17 2.61589e-17 
-6.84484 8.3253e+24 4.49919e-17 0.109815 0.534753 2.10426e-09 0.355432 -3.04917e-17 2.58185e-17 
-6.83183 8.41239e+24 4.45973e-17 0.110322 0.537221 2.19813e-09 0.352456 -3.01579e-17 2.54829e-17 
-6.81882 8.50025e+24 4.4207e-17 0.110827 0.539681 2.2961e-09 0.349492 -2.98285e-17 2.51518e-17 
-6.80581 8.58889e+24 4.38209e-17 0.11133 0.54213 2.39835e-09 0.346539 -2.95033e-17 2.48253e-17 
-6.79279 8.67831e+24 4.34391e-17 0.111831 0.54457 2.50505e-09 0.343598 -2.91824e-17 2.45033e-17 
-6.77978 8.76851e+24 4.30614e-17 0.11233 0.547 2.61641e-09 0.34067 -2.88656e-17 2.41857e-17 
-6.76677 8.8595e+24 4.26878e-17 0.112827 0.54942 2.7326e-09 0.337753 -2.85529e-17 2.38725e-17 
-6.75375 8.95129e+24 4.23183e-17 0.113322 0.55183 2.85385e-09 0.334848 -2.82442e-17 2.35636e-17 
-6.74074 9.04388e+24 4.19527e-17 0.113815 0.554229 2.98037e-09 0.331956 -2.79396e-17 2.32589e-17 
-6.72773 9.13727e+24 4.15911e-17 0.114305 0.556618 3.11238e-09 0.329077 -2.76389e-17 2.29584e-17 
-6.71471 9.23148e+24 4.12334e-17 0.114794 0.558996 3.25011e-09 0.32621 -2.73421e-17 2.26621e-17 
-6.7017 9.3265e+24 4.08795e-17 0.11528 0.561364 3.39382e-09 0.323356 -2.70491e-17 2.23699e-17 
-6.68869 9.42234e+24 4.05294e-17 0.115764 0.56372 3.54374e-09 0.320516 -2.67598e-17 2.20817e-17 
-6.67568 9.51901e+24 4.0183e-17 0.116246 0.566066 3.70016e-09 0.317688 -2.64743e-17 2.17975e-17 
-6.66266 9.61652e+24 3.98403e-17 0.116725 0.568401 3.86333e-09 0.314874 -2.61925e-17 2.15173e-17 
-6.64965 9.71486e+24 3.95013e-17 0.117202 0.570724 4.03356e-09 0.312074 -2.59143e-17 2.12409e-17 
-6.63664 9.81404e+24 3.91659e-17 0.117677 0.573036 4.21113e-09 0.309287 -2.56397e-17 2.09683e-17 
-6.62362 9.91407e+24 3.8834e-17 0.118149 0.575337 4.39636e-09 0.306514 -2.53686e-17 2.06995e-17 
-6.61061 1.0015e+25 3.85056e-17 0.11862 0.577626 4.58957e-09 0.303755 -2.51009e-17 2.04345e-17 
-6.5976 1.01167e+25 3.81807e-17 0.119087 0.579903 4.7911e-09 0.30101 -2.48367e-17 2.01731e-17 
-6.58458 1.02193e+25 3.78592e-17 0.119552 0.582169 5.0013e-09 0.298279 -2.45759e-17 1.99153e-17 
-6.57157 1.03228e+25 3.75411e-17 0.120015 0.584422 5.22054e-09 0.295562 -2.43184e-17 1.96611e-17 
-6.55856 1.04272e+25 3.72263e-17 0.120476 0.586664 5.4492e-09 0.29286 -2.40642e-17 1.94105e-17 
-6.54555 1.05324e+25 3.69148e-17 0.120934 0.588894 5.68767e-09 0.290173 -2.38132e-17 1.91633e-17 
-6.53253 1.06385e+25 3.66065e-17 0.121389 0.591111 5.93638e-09 0.2875 -2.35654e-17 1.89195e-17 
-6.51952 1.07455e+25 3.63014e-17 0.121842 0.593317 6.19574e-09 0.284841 -2.33208e-17 1.86792e-17 
-6.50651 1.08535e+25 3.59995e-17 0.122292 0.59551 6.46621e-09 0.282198 -2.30793e-17 1.84422e-17 
-6.49349 1.09623e+25 3.57008e-17 0.12274 0.597691 6.74826e-09 0.279569 -2.28408e-17 1.82085e-17 
-6.48048 1.1072e+25 3.54051e-17 0.123185 0.599859 7.04237e-09 0.276956 -2.26054e-17 1.7978e-17 
-6.46747 1.11827e+25 3.51124e-17 0.123628 0.602014 7.34905e-09 0.274358 -2.23729e-17 1.77507e-17 
-6.45445 1.12942e+25 3.48228e-17 0.124068 0.604157 7.66882e-09 0.271775 -2.21434e-17 1.75266e-17 
-6.44144 1.14067e+25 3.45361e-17 0.124505 0.606288 8.00224e-09 0.269207 -2.19167e-17 1.73057e-17 
-6.42843 1.15201e+25 3.42524e-17 0.12494 0.608405 8.34988e-09 0.266654 -2.1693e-17 1.70878e-17 
-6.41542 1.16345e+25 3.39715e-17 0.125373 0.61051 8.71234e-09 0.264118 -2.1472e-17 1.68729e-17 
-6.4024 1.17498e+25 3.36935e-17 0.125802 0.612602 9.09023e-09 0.261596 -2.12538e-17 1.6661e-17 
-6.38939 1.18661e+25 3.34183e-17 0.126229 0.614681 9.48419e-09 0.25909 -2.10384e-17 1.64521e-17 
-6.37638 1.19833e+25 3.3146e-17 0.126653 0.616747 9.89491e-09 0.2566 -2.08256e-17 1.62461e-17 
-6.36336 1.21015e+25 3.28763e-17 0.127075 0.618799 1.03231e-08 0.254126 -2.06155e-17 1.6043e-17 
-6.35035 1.22206e+25 3.26094e-17 0.127494 0.620839 1.07694e-08 0.251667 -2.04081e-17 1.58427e-17 
-6.33734 1.23407e+25 3.23452e-17 0.12791 0.622866 1.12347e-08 0.249224 -2.02032e-17 1.56452e-17 
-6.32432 1.24619e+25 3.20836e-17 0.128323 0.624879 1.17198e-08 0.246797 -2.00009e-17 1.54505e-17 
-6.31131 1.25839e+25 3.18246e-17 0.128734 0.62688 1.22254e-08 0.244386 -1.98011e-17 1.52585e-17 
-6.2983 1.2707e+25 3.15682e-17 0.129142 0.628867 1.27524e-08 0.241991 -1.96037e-17 1.50691e-17 
-6.28529 1.28311e+25 3.13144e-17 0.129548 0.63084 1.33017e-08 0.239612 -1.94089e-17 1.48824e-17 
-6.27227 1.29562e+25 3.10631e-17 0.12995 0.632801 1.38742e-08 0.237249 -1.92164e-17 1.46984e-17 
-6.25926 1.30823e+25 3.08143e-17 0.13035 0.634748 1.44709e-08 0.234903 -1.90263e-17 1.45168e-17 
-6.24625 1.32094e+25 3.05679e-17 0.130747 0.636681 1.50929e-08 0.232572 -1.88386e-17 1.43379e-17 
-6.23323 1.33375e+25 3.0324e-17 0.131141 0.638601 1.57411e-08 0.230257 -1.86531e-17 1.41614e-17 
-6.22022 1.34667e+25 3.00824e-17 0.131533 0.640508 1.64166e-08 0.227959 -1.847e-17 1.39874e-17 
-6.20721 1.35969e+25 2.98433e-17 0.131922 0.642401 1.71206e-08 0.225677 -1.82891e-17 1.38158e-17 
-6.19419 1.37281e+25 2.96064e-17 0.132308 0.644281 1.78543e-08 0.223411 -1.81104e-17 1.36466e-17 
-6.18118 1.38604e+25 2.93719e-17 0.132691 0.646147 1.86189e-08 0.221161 -1.79339e-17 1.34797e-17 
-6.16817 1.39938e+25 2.91397e-17 0.133071 0.648 1.94156e-08 0.218928 -1.77596e-17 1.33152e-17 
-6.15516 1.41282e+25 2.89097e-17 0.133449 0.64984 2.02459e-08 0.216711 -1.75874e-17 1.3153e-17 
-6.14214 1.42637e+25 2.86819e-17 0.133824 0.651666 2.11111e-08 0.21451 -1.74172e-17 1.29931e-17 
-6.12913 1.44002e+25 2.84564e-17 0.134196 0.653478 2.20126e-08 0.212326 -1.72492e-17 1.28354e-17 
-6.11612 1.45379e+25 2.8233e-17 0.134566 0.655277 2.29519e-08 0.210158 -1.70832e-17 1.26799e-17 
-6.1031 1.46766e+25 2.80118e-17 0.134932 0.657062 2.39307e-08 0.208006 -1.69192e-17 1.25266e-17 
-6.09009 1.48164e+25 2.77926e-17 0.135296 0.658834 2.49505e-08 0.20587 -1.67572e-17 1.23754e-17 
-6.07708 1.49573e+25 2.75756e-17 0.135657 0.660592 2.6013e-08 0.203751 -1.65971e-17 1.22263e-17 
-6.06406 1.50994e+25 2.73607e-17 0.136016 0.662337 2.71201e-08 0.201648 -1.64389e-17 1.20793e-17 
-6.05105 1.52425e+25 2.71478e-17 0.136371 0.664068 2.82734e-08 0.199561 -1.62827e-17 1.19343e-17 
-6.03804 1.53868e+25 2.69369e-17 0.136724 0.665786 2.94751e-08 0.19749 -1.61283e-17 1.17914e-17 
-6.02503 1.55322e+25 2.6728e-17 0.137074 0.66749 3.0727e-08 0.195436 -1.59758e-17 1.16504e-17 
-6.01201 1.56787e+25 2.65211e-17 0.137421 0.669181 3.20312e-08 0.193398 -1.58251e-17 1.15114e-17 
-5.999 1.58264e+25 2.63161e-17 0.137766 0.670858 3.33899e-08 0.191376 -1.56762e-17 1.13744e-17 
-5.98599 1.59752e+25 2.61131e-17 0.138107 0.672522 3.48053e-08 0.18937 -1.55291e-17 1.12392e-17 
-5.97297 1.61252e+25 2.5912e-17 0.138446 0.674173 3.62797e-08 0.187381 -1.53837e-17 1.1106e-17 
-5.95996 1.62763e+25 2.57127e-17 0.138782 0.67581 3.78157e-08 0.185408 -1.524e-17 1.09745e-17 
-5.94695 1.64286e+25 2.55153e-17 0.139116 0.677434 3.94157e-08 0.18345 -1.50981e-17 1.0845e-17 
-5.93393 1.65821e+25 2.53198e-17 0.139447 0.679044 4.10823e-08 0.181509 -1.49578e-17 1.07172e-17 
-5.92092 1.67368e+25 2.5126e-17 0.139775 0.680642 4.28183e-08 0.179584 -1.48191e-17 1.05912e-17 
-5.90791 1.68926e+25 2.49341e-17 0.1401 0.682226 4.46265e-08 0.177674 -1.46821e-17 1.04669e-17 
-5.89489 1.70497e+25 2.47439e-17 0.140422 0.683796 4.651e-08 0.175781 -1.45467e-17 1.03444e-17 
-5.88188 1.7208e+25 2.45555e-17 0.140742 0.685354 4.84718e-08 0.173904 -1.44129e-17 1.02235e-17 
-5.86887 1.73674e+25 2.43688e-17 0.141059 0.686898 5.05151e-08 0.172042 -1.42806e-17 1.01043e-17 
-5.85586 1.75281e+25 2.41838e-17 0.141374 0.68843 5.26432e-08 0.170196 -1.41499e-17 9.98682e-18 
-5.84284 1.76901e+25 2.40005e-17 0.141686 0.689948 5.48597e-08 0.168366 -1.40207e-17 9.87093e-18 
-5.82983 1.78532e+25 2.38189e-17 0.141995 0.691453 5.71682e-08 0.166552 -1.3893e-17 9.75664e-18 
-5.81682 1.80176e+25 2.36389e-17 0.142301 0.692945 5.95724e-08 0.164754 -1.37668e-17 9.64393e-18 
-5.8038 1.81833e+25 2.34606e-17 0.142605 0.694424 6.20762e-08 0.162971 -1.3642e-17 9.53277e-18 
-5.79079 1.83502e+25 2.32839e-17 0.142906 0.69589 6.46839e-08 0.161203 -1.35187e-17 9.42315e-18 
-5.77778 1.85184e+25 2.31088e-17 0.143205 0.697344 6.73995e-08 0.159452 -1.33967e-17 9.31504e-18 
-5.76476 1.86879e+25 2.29352e-17 0.1435 0.698784 7.02275e-08 0.157715 -1.32762e-17 9.20842e-18 
-5.75175 1.88586e+25 2.27632e-17 0.143794 0.700212 7.31725e-08 0.155994 -1.31571e-17 9.10326e-18 
-5.73874 1.90306e+25 2.25928e-17 0.144084 0.701627 7.62394e-08 0.154289 -1.30393e-17 8.99955e-18 
-5.72573 1.9204e+25 2.24239e-17 0.144372 0.70303 7.9433e-08 0.152598 -1.29228e-17 8.89727e-18 
-5.71271 1.93786e+25 2.22564e-17 0.144658 0.704419 8.27586e-08 0.150923 -1.28077e-17 8.79639e-18 
-5.6997 1.95545e+25 2.20905e-17 0.14494 0.705796 8.62215e-08 0.149263 -1.26939e-17 8.69689e-18 
-5.68669 1.97318e+25 2.19261e-17 0.145221 0.707161 8.98274e-08 0.147618 -1.25814e-17 8.59876e-18 
-5.67367 1.99104e+25 2.17631e-17 0.145498 0.708513 9.35821e-08 0.145988 -1.24701e-17 8.50197e-18 
-5.66066 2.00903e+25 2.16015e-17 0.145773 0.709853 9.74918e-08 0.144373 -1.23601e-17 8.4065e-18 
-5.64765 2.02716e+25 2.14414e-17 0.146046 0.711181 1.01563e-07 0.142773 -1.22513e-17 8.31234e-18 
-5.63463 2.04542e+25 2.12827e-17 0.146316 0.712496 1.05801e-07 0.141188 -1.21438e-17 8.21946e-18 
-5.62162 2.06382e+25 2.11253e-17 0.146584 0.713799 1.10214e-07 0.139618 -1.20374e-17 8.12785e-18 
-5.60861 2.08235e+25 2.09694e-17 0.146849 0.715089 1.14809e-07 0.138062 -1.19322e-17 8.03749e-18 
-5.5956 2.10103e+25 2.08148e-17 0.147111 0.716368 1.19594e-07 0.13652 -1.18282e-17 7.94835e-18 
-5.58258 2.11984e+25 2.06615e-17 0.147371 0.717635 1.24575e-07 0.134994 -1.17253e-17 7.86043e-18 
-5.56957 2.13879e+25 2.05096e-17 0.147629 0.718889 1.29761e-07 0.133481 -1.16236e-17 7.7737e-18 
-5.55656 2.15788e+25 2.0359e-17 0.147884 0.720132 1.3516e-07 0.131983 -1.1523e-17 7.68814e-18 
-5.54354 2.17712e+25 2.02097e-17 0.148137 0.721363 1.40781e-07 0.1305 -1.14235e-17 7.60375e-18 
-5.53053 2.19649e+25 2.00617e-17 0.148387 0.722582 1.46633e-07 0.12903 -1.13251e-17 7.52049e-18 
-5.51752 2.21601e+25 1.99149e-17 0.148635 0.72379 1.52725e-07 0.127575 -1.12278e-17 7.43836e-18 
-5.5045 2.23567e+25 1.97695e-17 0.148881 0.724985 1.59068e-07 0.126133 -1.11315e-17 7.35733e-18 
-5.49149 2.25548e+25 1.96252e-17 0.149124 0.72617 1.65671e-07 0.124706 -1.10363e-17 7.2774e-18 
-5.47848 2.27543e+25 1.94822e-17 0.149365 0.727342 1.72544e-07 0.123293 -1.09421e-17 7.19854e-18 
-5.46547 2.29552e+25 1.93404e-17 0.149603 0.728504 1.797e-07 0.121893 -1.08489e-17 7.12074e-18 
-5.45245 2.31577e+25 1.91999e-17 0.14984 0.729653 1.87149e-07 0.120507 -1.07568e-17 7.04399e-18 
-5.43944 2.33616e+25 1.90605e-17 0.150073 0.730792 1.94903e-07 0.119134 -1.06656e-17 6.96826e-18 
-5.42643 2.3567e+25 1.89223e-17 0.150305 0.731919 2.02975e-07 0.117776 -1.05754e-17 6.89355e-18 
-5.41341 2.3774e+25 1.87852e-17 0.150534 0.733036 2.11378e-07 0.11643 -1.04862e-17 6.81983e-18 
-5.4004 2.39824e+25 1.86494e-17 0.150761 0.734141 2.20124e-07 0.115098 -1.03979e-17 6.74709e-18 
-5.38739 2.41923e+25 1.85146e-17 0.150986 0.735235 2.29229e-07 0.113779 -1.03106e-17 6.67533e-18 
-5.37437 2.44038e+25 1.8381e-17 0.151208 0.736318 2.38705e-07 0.112474 -1.02242e-17 6.60452e-18 
-5.36136 2.46168e+25 1.82485e-17 0.151428 0.73739 2.4857e-07 0.111181 -1.01387e-17 6.53465e-18 
-5.34835 2.48314e+25 1.81171e-17 0.151646 0.738452 2.58838e-07 0.109902 -1.00541e-17 6.4657e-18 
-5.33534 2.50475e+25 1.79868e-17 0.151862 0.739502 2.69526e-07 0.108635 -9.97042e-18 6.39767e-18 
-5.32232 2.52652e+25 1.78576e-17 0.152076 0.740542 2.8065e-07 0.107382 -9.88761e-18 6.33053e-18 
-5.30931 2.54844e+25 1.77295e-17 0.152287 0.741572 2.92229e-07 0.106141 -9.80566e-18 6.26428e-18 
-5.2963 2.57053e+25 1.76024e-17 0.152496 0.742591 3.0428e-07 0.104912 -9.72457e-18 6.1989e-18 
-5.28328 2.59277e+25 1.74764e-17 0.152703 0.7436 3.16823e-07 0.103697 -9.64432e-18 6.13439e-18 
-5.27027 2.61517e+25 1.73514e-17 0.152908 0.744598 3.29879e-07 0.102493 -9.56491e-18 6.07071e-18 
-5.25726 2.63774e+25 1.72275e-17 0.153111 0.745586 3.43467e-07 0.101303 -9.48632e-18 6.00788e-18 
-5.24424 2.66046e+25 1.71045e-17 0.153312 0.746564 3.57609e-07 0.100124 -9.40855e-18 5.94586e-18 
-5.23123 2.68335e+25 1.69826e-17 0.153511 0.747531 3.72328e-07 0.0989576 -9.33157e-18 5.88465e-18 
-5.21822 2.70641e+25 1.68617e-17 0.153708 0.748489 3.87646e-07 0.0978033 -9.25539e-18 5.82424e-18 
-5.20521 2.72963e+25 1.67417e-17 0.153902 0.749436 4.03589e-07 0.0966611 -9.17999e-18 5.76462e-18 
-5.19219 2.75301e+25 1.66227e-17 0.154095 0.750374 4.20182e-07 0.0955308 -9.10535e-18 5.70577e-18 
-5.17918 2.77656e+25 1.65047e-17 0.154285 0.751302 4.3745e-07 0.0944123 -9.03148e-18 5.64768e-18 
-5.16617 2.80028e+25 1.63877e-17 0.154474 0.75222 4.55421e-07 0.0933055 -8.95836e-18 5.59034e-18 
-5.15315 2.82418e+25 1.62716e-17 0.15466 0.753129 4.74124e-07 0.0922104 -8.88599e-18 5.53374e-18 
-5.14014 2.84824e+25 1.61564e-17 0.154845 0.754028 4.93588e-07 0.0911269 -8.81434e-18 5.47787e-18 
-5.12713 2.87247e+25 1.60422e-17 0.155028 0.754917 5.13843e-07 0.0900549 -8.74342e-18 5.42272e-18 
-5.11411 2.89687e+25 1.59289e-17 0.155208 0.755797 5.34923e-07 0.0889942 -8.67321e-18 5.36828e-18 
-5.1011 2.92145e+25 1.58164e-17 0.155387 0.756668 5.56859e-07 0.0879448 -8.6037e-18 5.31453e-18 
-5.08809 2.9462e+25 1.57049e-17 0.155564 0.757529 5.79688e-07 0.0869066 -8.53489e-18 5.26147e-18 
-5.07508 2.97113e+25 1.55943e-17 0.155739 0.758381 6.03444e-07 0.0858795 -8.46676e-18 5.20909e-18 
-5.06206 2.99624e+25 1.54846e-17 0.155912 0.759224 6.28165e-07 0.0848634 -8.39931e-18 5.15737e-18 
-5.04905 3.02152e+25 1.53757e-17 0.156083 0.760058 6.5389e-07 0.0838582 -8.33253e-18 5.10631e-18 
-5.03604 3.04698e+25 1.52677e-17 0.156253 0.760883 6.8066e-07 0.0828639 -8.26641e-18 5.05589e-18 
-5.02302 3.07263e+25 1.51606e-17 0.15642 0.761699 7.08517e-07 0.0818803 -8.20094e-18 5.00612e-18 
-5.01001 3.09845e+25 1.50543e-17 0.156586 0.762506 7.37504e-07 0.0809073 -8.13612e-18 4.95697e-18 
-4.997 3.12446e+25 1.49488e-17 0.15675 0.763304 7.67668e-07 0.0799449 -8.07193e-18 4.90844e-18 
-4.98398 3.15064e+25 1.48442e-17 0.156912 0.764094 7.99056e-07 0.078993 -8.00837e-18 4.86051e-18 
-4.97097 3.17702e+25 1.47404e-17 0.157073 0.764875 8.31716e-07 0.0780514 -7.94543e-18 4.81319e-18 
-4.95796 3.20358e+25 1.46374e-17 0.157231 0.765648 8.65702e-07 0.0771201 -7.8831e-18 4.76646e-18 
-4.94494 3.23032e+25 1.45352e-17 0.157388 0.766412 9.01064e-07 0.076199 -7.82137e-18 4.72032e-18 
-4.93193 3.25726e+25 1.44338e-17 0.157543 0.767168 9.37861e-07 0.0752881 -7.76025e-18 4.67474e-18 
-4.91892 3.28438e+25 1.43332e-17 0.157697 0.767915 9.76148e-07 0.0743871 -7.69971e-18 4.62974e-18 
-4.90591 3.31169e+25 1.42334e-17 0.157849 0.768654 1.01599e-06 0.073496 -7.63975e-18 4.58529e-18 
-4.89289 3.3392e+25 1.41344e-17 0.157999 0.769385 1.05744e-06 0.0726148 -7.58037e-18 4.54138e-18 
-4.87988 3.36689e+25 1.40362e-17 0.158147 0.770108 1.10057e-06 0.0717434 -7.52155e-18 4.49803e-18 
-4.86687 3.39479e+25 1.39387e-17 0.158294 0.770823 1.14545e-06 0.0708815 -7.4633e-18 4.4552e-18 
-4.85385 3.42287e+25 1.38419e-17 0.158439 0.77153 1.19214e-06 0.0700293 -7.4056e-18 4.4129e-18 
-4.84084 3.45115e+25 1.37459e-17 0.158583 0.772229 1.24072e-06 0.0691866 -7.34845e-18 4.37111e-18 
-4.82783 3.47963e+25 1.36507e-17 0.158725 0.772921 1.29127e-06 0.0683532 -7.29183e-18 4.32984e-18 
-4.81481 3.50831e+25 1.35561e-17 0.158865 0.773604 1.34387e-06 0.0675292 -7.23576e-18 4.28907e-18 
-4.8018 3.53719e+25 1.34623e-17 0.159004 0.77428 1.39859e-06 0.0667143 -7.18021e-18 4.24879e-18 
-4.78879 3.56627e+25 1.33693e-17 0.159141 0.774949 1.45553e-06 0.0659087 -7.12517e-18 4.20901e-18 
-4.77578 3.59555e+25 1.32769e-17 0.159277 0.77561 1.51476e-06 0.065112 -7.07066e-18 4.1697e-18 
-4.76276 3.62504e+25 1.31852e-17 0.159411 0.776263 1.57639e-06 0.0643243 -7.01665e-18 4.13087e-18 
-4.74975 3.65473e+25 1.30943e-17 0.159544 0.776909 1.64052e-06 0.0635456 -6.96315e-18 4.0925e-18 
-4.73674 3.68462e+25 1.3004e-17 0.159675 0.777548 1.70723e-06 0.0627756 -6.91014e-18 4.05459e-18 
-4.72372 3.71473e+25 1.29144e-17 0.159805 0.778179 1.77664e-06 0.0620143 -6.85762e-18 4.01714e-18 
-4.71071 3.74504e+25 1.28255e-17 0.159933 0.778804 1.84885e-06 0.0612616 -6.80559e-18 3.98014e-18 
-4.6977 3.77556e+25 1.27373e-17 0.16006 0.779421 1.92398e-06 0.0605175 -6.75403e-18 3.94357e-18 
-4.68468 3.8063e+25 1.26497e-17 0.160185 0.780031 2.00214e-06 0.0597819 -6.70295e-18 3.90744e-18 
-4.67167 3.83724e+25 1.25629e-17 0.160309 0.780634 2.08346e-06 0.0590546 -6.65233e-18 3.87174e-18 
-4.65866 3.8684e+25 1.24766e-17 0.160431 0.781231 2.16806e-06 0.0583357 -6.60218e-18 3.83645e-18 
-4.64565 3.89978e+25 1.2391e-17 0.160552 0.78182 2.25607e-06 0.0576249 -6.55248e-18 3.80159e-18 
-4.63263 3.93137e+25 1.23061e-17 0.160672 0.782403 2.34764e-06 0.0569223 -6.50324e-18 3.76713e-18 
-4.61962 3.96318e+25 1.22218e-17 0.16079 0.782979 2.4429e-06 0.0562277 -6.45444e-18 3.73308e-18 
-4.60661 3.99521e+25 1.21381e-17 0.160907 0.783549 2.542e-06 0.0555412 -6.40608e-18 3.69942e-18 
-4.59359 4.02746e+25 1.2055e-17 0.161023 0.784112 2.6451e-06 0.0548625 -6.35816e-18 3.66616e-18 
-4.58058 4.05994e+25 1.19726e-17 0.161137 0.784668 2.75235e-06 0.0541916 -6.31066e-18 3.63328e-18 
-4.56757 4.09263e+25 1.18908e-17 0.16125 0.785218 2.86393e-06 0.0535285 -6.2636e-18 3.60078e-18 
-4.55455 4.12556e+25 1.18096e-17 0.161362 0.785762 2.98001e-06 0.052873 -6.21695e-18 3.56866e-18 
-4.54154 4.1587e+25 1.1729e-17 0.161472 0.7863 3.10077e-06 0.0522251 -6.17072e-18 3.53691e-18 
-4.52853 4.19208e+25 1.1649e-17 0.161581 0.786831 3.22639e-06 0.0515847 -6.12489e-18 3.50552e-18 
-4.51552 4.22568e+25 1.15696e-17 0.161689 0.787356 3.35708e-06 0.0509518 -6.07948e-18 3.4745e-18 
-4.5025 4.25952e+25 1.14908e-17 0.161796 0.787875 3.49302e-06 0.0503262 -6.03447e-18 3.44383e-18 
-4.48949 4.29358e+25 1.14125e-17 0.161901 0.788387 3.63445e-06 0.0497079 -5.98985e-18 3.4135e-18 
-4.47648 4.32789e+25 1.13349e-17 0.162005 0.788894 3.78157e-06 0.0490968 -5.94562e-18 3.38352e-18 
-4.46346 4.36242e+25 1.12578e-17 0.162108 0.789395 3.93462e-06 0.0484928 -5.90179e-18 3.35389e-18 
-4.45045 4.39719e+25 1.11813e-17 0.16221 0.78989 4.09382e-06 0.0478958 -5.85833e-18 3.32458e-18 
-4.43744 4.4322e+25 1.11053e-17 0.16231 0.79038 4.25944e-06 0.0473059 -5.81526e-18 3.29561e-18 
-4.42442 4.46745e+25 1.10299e-17 0.162409 0.790863 4.43172e-06 0.0467229 -5.77256e-18 3.26696e-18 
-4.41141 4.50294e+25 1.09551e-17 0.162508 0.791341 4.61094e-06 0.0461467 -5.73023e-18 3.23863e-18 
-4.3984 4.53867e+25 1.08808e-17 0.162605 0.791813 4.79737e-06 0.0455772 -5.68827e-18 3.21062e-18 
-4.38539 4.57465e+25 1.0807e-17 0.1627 0.79228 4.9913e-06 0.0450145 -5.64667e-18 3.18292e-18 
-4.37237 4.61087e+25 1.07338e-17 0.162795 0.792741 5.19303e-06 0.0444584 -5.60543e-18 3.15553e-18 
-4.35936 4.64734e+25 1.06611e-17 0.162889 0.793197 5.40287e-06 0.0439088 -5.56454e-18 3.12844e-18 
-4.34635 4.68406e+25 1.0589e-17 0.162981 0.793647 5.62115e-06 0.0433657 -5.52401e-18 3.10165e-18 
-4.33333 4.72102e+25 1.05174e-17 0.163073 0.794092 5.84822e-06 0.0428291 -5.48382e-18 3.07516e-18 
-4.32032 4.75824e+25 1.04463e-17 0.163163 0.794532 6.08441e-06 0.0422988 -5.44397e-18 3.04895e-18 
-4.30731 4.79572e+25 1.03757e-17 0.163252 0.794967 6.33009e-06 0.0417747 -5.40447e-18 3.02304e-18 
-4.29429 4.83344e+25 1.03056e-17 0.16334 0.795396 6.58566e-06 0.0412569 -5.36529e-18 2.9974e-18 
-4.28128 4.87143e+25 1.0236e-17 0.163427 0.79582 6.85149e-06 0.0407452 -5.32645e-18 2.97205e-18 
-4.26827 4.90967e+25 1.0167e-17 0.163514 0.79624 7.12801e-06 0.0402396 -5.28794e-18 2.94697e-18 
-4.25526 4.94817e+25 1.00984e-17 0.163599 0.796654 7.41564e-06 0.0397401 -5.24976e-18 2.92216e-18 
-4.24224 4.98693e+25 1.00304e-17 0.163683 0.797063 7.71483e-06 0.0392464 -5.21189e-18 2.89762e-18 
-4.22923 5.02596e+25 9.96278e-18 0.163766 0.797468 8.02603e-06 0.0387587 -5.17434e-18 2.87334e-18 
-4.21622 5.06525e+25 9.89569e-18 0.163848 0.797867 8.34974e-06 0.0382767 -5.13711e-18 2.84932e-18 
-4.2032 5.10481e+25 9.82908e-18 0.163929 0.798262 8.68644e-06 0.0378006 -5.10018e-18 2.82556e-18 
-4.19019 5.14463e+25 9.76295e-18 0.164009 0.798652 9.03667e-06 0.0373301 -5.06357e-18 2.80206e-18 
-4.17718 5.18472e+25 9.69729e-18 0.164088 0.799037 9.40097e-06 0.0368652 -5.02726e-18 2.7788e-18 
-4.16416 5.22509e+25 9.63211e-18 0.164166 0.799418 9.77989e-06 0.036406 -4.99125e-18 2.75579e-18 
-4.15115 5.26573e+25 9.56739e-18 0.164243 0.799794 1.0174e-05 0.0359522 -4.95553e-18 2.73302e-18 
-4.13814 5.30664e+25 9.50313e-18 0.16432 0.800166 1.0584e-05 0.0355039 -4.92011e-18 2.71049e-18 
-4.12513 5.34783e+25 9.43934e-18 0.164395 0.800533 1.10104e-05 0.0350609 -4.88499e-18 2.6882e-18 
-4.11211 5.3893e+25 9.37599e-18 0.16447 0.800896 1.14539e-05 0.0346233 -4.85015e-18 2.66614e-18 
-4.0991 5.43105e+25 9.3131e-18 0.164543 0.801254 1.19152e-05 0.034191 -4.8156e-18 2.64432e-18 
-4.08609 5.47308e+25 9.25066e-18 0.164616 0.801608 1.23951e-05 0.0337638 -4.78133e-18 2.62272e-18 
-4.07307 5.5154e+25 9.18866e-18 0.164688 0.801958 1.28941e-05 0.0333418 -4.74734e-18 2.60134e-18 
-4.06006 5.558e+25 9.12711e-18 0.164759 0.802303 1.34132e-05 0.0329249 -4.71362e-18 2.58019e-18 
-4.04705 5.60088e+25 9.06599e-18 0.164829 0.802644 1.39532e-05 0.0325131 -4.68019e-18 2.55925e-18 
-4.03403 5.64406e+25 9.0053e-18 0.164898 0.802981 1.45148e-05 0.0321062 -4.64702e-18 2.53853e-18 
-4.02102 5.68753e+25 8.94504e-18 0.164966 0.803314 1.50989e-05 0.0317043 -4.61412e-18 2.51802e-18 
-4.00801 5.73129e+25 8.88521e-18 0.165034 0.803643 1.57064e-05 0.0313072 -4.58148e-18 2.49772e-18 
-3.99499 5.77534e+25 8.8258e-18 0.165101 0.803968 1.63383e-05 0.0309149 -4.54911e-18 2.47763e-18 
-3.98198 5.81969e+25 8.76681e-18 0.165167 0.804289 1.69955e-05 0.0305274 -4.517e-18 2.45774e-18 
-3.96897 5.86434e+25 8.70824e-18 0.165232 0.804606 1.76791e-05 0.0301446 -4.48514e-18 2.43806e-18 
-3.95596 5.90929e+25 8.65008e-18 0.165296 0.804919 1.83901e-05 0.0297665 -4.45354e-18 2.41857e-18 
-3.94294 5.95454e+25 8.59233e-18 0.165359 0.805229 1.91295e-05 0.0293929 -4.4222e-18 2.39928e-18 
-3.92993 6.0001e+25 8.53499e-18 0.165422 0.805534 1.98987e-05 0.0290239 -4.3911e-18 2.38019e-18 
-3.91692 6.04596e+25 8.47805e-18 0.165484 0.805836 2.06986e-05 0.0286594 -4.36025e-18 2.36128e-18 
-3.9039 6.09213e+25 8.42151e-18 0.165545 0.806134 2.15306e-05 0.0282993 -4.32964e-18 2.34257e-18 
-3.89089 6.13861e+25 8.36536e-18 0.165606 0.806428 2.23959e-05 0.0279436 -4.29928e-18 2.32404e-18 
-3.87788 6.1854e+25 8.30961e-18 0.165665 0.806719 2.32959e-05 0.0275923 -4.26916e-18 2.30569e-18 
-3.86486 6.2325e+25 8.25425e-18 0.165724 0.807006 2.4232e-05 0.0272453 -4.23927e-18 2.28753e-18 
-3.85185 6.27993e+25 8.19928e-18 0.165783 0.80729 2.52055e-05 0.0269025 -4.20962e-18 2.26955e-18 
-3.83884 6.32766e+25 8.14469e-18 0.16584 0.80757 2.62181e-05 0.0265639 -4.1802e-18 2.25174e-18 
-3.82583 6.37572e+25 8.09049e-18 0.165897 0.807846 2.72712e-05 0.0262294 -4.15102e-18 2.23411e-18 
-3.81281 6.4241e+25 8.03666e-18 0.165953 0.808119 2.83665e-05 0.0258991 -4.12206e-18 2.21665e-18 
-3.7998 6.47281e+25 7.98321e-18 0.166009 0.808389 2.95056e-05 0.0255728 -4.09333e-18 2.19936e-18 
-3.78679 6.52184e+25 7.93012e-18 0.166063 0.808656 3.06904e-05 0.0252505 -4.06482e-18 2.18225e-18 
-3.77377 6.5712e+25 7.87741e-18 0.166117 0.808919 3.19226e-05 0.0249321 -4.03653e-18 2.16529e-18 
-3.76076 6.62089e+25 7.82507e-18 0.166171 0.809179 3.32041e-05 0.0246177 -4.00846e-18 2.14851e-18 
-3.74775 6.67091e+25 7.77309e-18 0.166223 0.809435 3.4537e-05 0.0243071 -3.98061e-18 2.13188e-18 
-3.73473 6.72127e+25 7.72147e-18 0.166275 0.809688 3.59231e-05 0.0240003 -3.95298e-18 2.11542e-18 
-3.72172 6.77196e+25 7.67021e-18 0.166327 0.809939 3.73648e-05 0.0236974 -3.92556e-18 2.09911e-18 
-3.70871 6.82299e+25 7.6193e-18 0.166377 0.810186 3.88642e-05 0.0233981 -3.89834e-18 2.08296e-18 
-3.6957 6.87436e+25 7.56875e-18 0.166427 0.81043 4.04236e-05 0.0231026 -3.87134e-18 2.06696e-18 
-3.68268 6.92608e+25 7.51854e-18 0.166477 0.81067 4.20454e-05 0.0228107 -3.84455e-18 2.05112e-18 
-3.66967 6.97814e+25 7.46869e-18 0.166526 0.810908 4.37321e-05 0.0225224 -3.81796e-18 2.03543e-18 
-3.65666 7.03055e+25 7.41918e-18 0.166574 0.811143 4.54863e-05 0.0222376 -3.79157e-18 2.01989e-18 
-3.64364 7.08331e+25 7.37001e-18 0.166622 0.811375 4.73107e-05 0.0219564 -3.76539e-18 2.00449e-18 
-3.63063 7.13642e+25 7.32118e-18 0.166669 0.811604 4.9208e-05 0.0216786 -3.73941e-18 1.98924e-18 
-3.61762 7.18988e+25 7.27268e-18 0.166715 0.81183 5.11813e-05 0.0214043 -3.71362e-18 1.97413e-18 
-3.6046 7.2437e+25 7.22453e-18 0.166761 0.812053 5.32335e-05 0.0211334 -3.68803e-18 1.95917e-18 
-3.59159 7.29788e+25 7.1767e-18 0.166806 0.812273 5.53678e-05 0.0208658 -3.66263e-18 1.94435e-18 
-3.57858 7.35242e+25 7.1292e-18 0.166851 0.81249 5.75874e-05 0.0206016 -3.63742e-18 1.92966e-18 
-3.56557 7.40732e+25 7.08203e-18 0.166895 0.812705 5.98959e-05 0.0203406 -3.61241e-18 1.91511e-18 
-3.55255 7.46259e+25 7.03518e-18 0.166938 0.812917 6.22966e-05 0.0200828 -3.58758e-18 1.9007e-18 
-3.53954 7.51823e+25 6.98866e-18 0.166981 0.813126 6.47934e-05 0.0198283 -3.56294e-18 1.88642e-18 
-3.52653 7.57424e+25 6.94245e-18 0.167024 0.813332 6.739e-05 0.0195769 -3.53848e-18 1.87228e-18 
-3.51351 7.63062e+25 6.89657e-18 0.167065 0.813536 7.00904e-05 0.0193286 -3.51421e-18 1.85826e-18 
-3.5005 7.68737e+25 6.85099e-18 0.167107 0.813737 7.28988e-05 0.0190835 -3.49012e-18 1.84438e-18 
-3.48749 7.7445e+25 6.80573e-18 0.167147 0.813935 7.58195e-05 0.0188413 -3.46621e-18 1.83062e-18 
-3.47447 7.80202e+25 6.76078e-18 0.167188 0.814131 7.88569e-05 0.0186022 -3.44247e-18 1.81699e-18 
-3.46146 7.85991e+25 6.71614e-18 0.167227 0.814325 8.20157e-05 0.0183661 -3.41892e-18 1.80348e-18 
-3.44845 7.91819e+25 6.6718e-18 0.167267 0.814515 8.53008e-05 0.0181329 -3.39554e-18 1.7901e-18 
-3.43544 7.97686e+25 6.62776e-18 0.167305 0.814704 8.87173e-05 0.0179026 -3.37233e-18 1.77684e-18 
-3.42242 8.03592e+25 6.58403e-18 0.167343 0.814889 9.22702e-05 0.0176751 -3.34929e-18 1.76371e-18 
-3.40941 8.09537e+25 6.54059e-18 0.167381 0.815073 9.59652e-05 0.0174505 -3.32642e-18 1.75069e-18 
-3.3964 8.15521e+25 6.49746e-18 0.167418 0.815253 9.98078e-05 0.0172287 -3.30373e-18 1.73779e-18 
-3.38338 8.21545e+25 6.45461e-18 0.167455 0.815432 0.000103804 0.0170097 -3.2812e-18 1.725e-18 
-3.37037 8.27609e+25 6.41206e-18 0.167491 0.815608 0.00010796 0.0167934 -3.25883e-18 1.71234e-18 
-3.35736 8.33713e+25 6.3698e-18 0.167527 0.815781 0.000112282 0.0165798 -3.23663e-18 1.69978e-18 
-3.34434 8.39858e+25 6.32782e-18 0.167562 0.815953 0.000116776 0.0163689 -3.21459e-18 1.68735e-18 
-3.33133 8.46044e+25 6.28613e-18 0.167596 0.816122 0.00012145 0.0161606 -3.19271e-18 1.67502e-18 
-3.31832 8.5227e+25 6.24473e-18 0.167631 0.816288 0.000126311 0.015955 -3.171e-18 1.6628e-18 
-3.30531 8.58538e+25 6.2036e-18 0.167664 0.816452 0.000131366 0.0157519 -3.14944e-18 1.6507e-18 
-3.29229 8.64848e+25 6.16276e-18 0.167698 0.816614 0.000136623 0.0155513 -3.12804e-18 1.6387e-18 
-3.27928 8.71199e+25 6.12219e-18 0.16773 0.816774 0.00014209 0.0153532 -3.10679e-18 1.62681e-18 
-3.26627 8.77592e+25 6.0819e-18 0.167763 0.816932 0.000147775 0.0151577 -3.0857e-18 1.61503e-18 
-3.25325 8.84028e+25 6.04188e-18 0.167795 0.817087 0.000153688 0.0149645 -3.06476e-18 1.60335e-18 
-3.24024 8.90506e+25 6.00214e-18 0.167826 0.81724 0.000159836 0.0147738 -3.04397e-18 1.59178e-18 
-3.22723 8.97027e+25 5.96266e-18 0.167857 0.817391 0.00016623 0.0145855 -3.02333e-18 1.58031e-18 
-3.21421 9.03592e+25 5.92345e-18 0.167888 0.81754 0.000172879 0.0143996 -3.00284e-18 1.56894e-18 
-3.2012 9.102e+25 5.88451e-18 0.167918 0.817686 0.000179794 0.0142159 -2.98249e-18 1.55768e-18 
-3.18819 9.16851e+25 5.84583e-18 0.167947 0.817831 0.000186985 0.0140346 -2.9623e-18 1.54651e-18 
-3.17518 9.23547e+25 5.80741e-18 0.167977 0.817973 0.000194463 0.0138556 -2.94224e-18 1.53545e-18 
-3.16216 9.30286e+25 5.76925e-18 0.168005 0.818114 0.000202239 0.0136788 -2.92233e-18 1.52448e-18 
-3.14915 9.37071e+25 5.73135e-18 0.168034 0.818252 0.000210326 0.0135042 -2.90257e-18 1.51361e-18 
-3.13614 9.439e+25 5.69371e-18 0.168062 0.818388 0.000218736 0.0133319 -2.88294e-18 1.50284e-18 
-3.12312 9.50775e+25 5.65632e-18 0.168089 0.818522 0.000227481 0.0131616 -2.86345e-18 1.49217e-18 
-3.11011 9.57694e+25 5.61918e-18 0.168116 0.818654 0.000236575 0.0129936 -2.8441e-18 1.48159e-18 
-3.0971 9.6466e+25 5.5823e-18 0.168143 0.818783 0.000246033 0.0128276 -2.82489e-18 1.4711e-18 
-3.08408 9.71671e+25 5.54566e-18 0.168169 0.818911 0.000255868 0.0126638 -2.80582e-18 1.46071e-18 
-3.07107 9.78729e+25 5.50927e-18 0.168195 0.819037 0.000266095 0.0125019 -2.78688e-18 1.4504e-18 
-3.05806 9.85834e+25 5.47313e-18 0.16822 0.819161 0.00027673 0.0123422 -2.76807e-18 1.4402e-18 
-3.04505 9.92985e+25 5.43723e-18 0.168245 0.819282 0.00028779 0.0121844 -2.74939e-18 1.43008e-18 
-3.03203 1.00018e+26 5.40157e-18 0.16827 0.819402 0.000299291 0.0120286 -2.73085e-18 1.42005e-18 
-3.01902 1.00743e+26 5.36616e-18 0.168294 0.81952 0.00031125 0.0118748 -2.71243e-18 1.41011e-18 
-3.00601 1.01472e+26 5.33098e-18 0.168318 0.819635 0.000323687 0.011723 -2.69415e-18 1.40026e-18 
-2.99299 1.02207e+26 5.29604e-18 0.168341 0.819749 0.00033662 0.011573 -2.67599e-18 1.3905e-18 
-2.97998 1.02946e+26 5.26133e-18 0.168364 0.819861 0.000350069 0.0114249 -2.65796e-18 1.38083e-18 
-2.96697 1.0369e+26 5.22686e-18 0.168387 0.81997 0.000364055 0.0112787 -2.64005e-18 1.37124e-18 
-2.95395 1.04438e+26 5.19262e-18 0.168409 0.820078 0.000378598 0.0111344 -2.62227e-18 1.36174e-18 
-2.94094 1.05192e+26 5.15861e-18 0.168431 0.820184 0.000393721 0.0109918 -2.60461e-18 1.35233e-18 
-2.92793 1.05951e+26 5.12484e-18 0.168452 0.820288 0.000409447 0.0108511 -2.58708e-18 1.343e-18 
-2.91491 1.06715e+26 5.09128e-18 0.168473 0.820389 0.0004258 0.0107121 -2.56966e-18 1.33375e-18 
-2.9019 1.07483e+26 5.05796e-18 0.168493 0.820489 0.000442806 0.0105749 -2.55236e-18 1.32459e-18 
-2.88889 1.08257e+26 5.02485e-18 0.168513 0.820587 0.000460489 0.0104395 -2.53518e-18 1.31551e-18 
-2.87588 1.09036e+26 4.99198e-18 0.168533 0.820682 0.000478878 0.0103057 -2.51812e-18 1.30651e-18 
-2.86286 1.0982e+26 4.95932e-18 0.168552 0.820776 0.000497999 0.0101736 -2.50118e-18 1.2976e-18 
-2.84985 1.1061e+26 4.92688e-18 0.168571 0.820868 0.000517883 0.0100432 -2.48435e-18 1.28877e-18 
-2.83684 1.11404e+26 4.89466e-18 0.168589 0.820958 0.000538559 0.00991444 -2.46764e-18 1.28002e-18 
-2.82382 1.12204e+26 4.86266e-18 0.168607 0.821045 0.00056006 0.0097873 -2.45104e-18 1.27135e-18 
-2.81081 1.13009e+26 4.83087e-18 0.168625 0.821131 0.000582417 0.00966177 -2.43455e-18 1.26276e-18 
-2.7978 1.13819e+26 4.79929e-18 0.168642 0.821214 0.000605665 0.00953783 -2.41817e-18 1.25425e-18 
-2.78478 1.14634e+26 4.76793e-18 0.168659 0.821296 0.00062984 0.00941545 -2.40191e-18 1.24582e-18 
-2.77177 1.15455e+26 4.73678e-18 0.168675 0.821375 0.000654978 0.00929462 -2.38575e-18 1.23747e-18 
-2.75876 1.16281e+26 4.70584e-18 0.168691 0.821452 0.000681117 0.00917532 -2.3697e-18 1.22919e-18 
-2.74575 1.17113e+26 4.67511e-18 0.168707 0.821528 0.000708298 0.00905752 -2.35376e-18 1.221e-18 
-2.73273 1.1795e+26 4.64458e-18 0.168722 0.821601 0.000736562 0.00894121 -2.33792e-18 1.21288e-18 
-2.71972 1.18793e+26 4.61426e-18 0.168736 0.821672 0.000765951 0.00882638 -2.32219e-18 1.20485e-18 
-2.70671 1.19641e+26 4.58414e-18 0.16875 0.82174 0.000796511 0.00871299 -2.30657e-18 1.19689e-18 
-2.69369 1.20495e+26 4.55423e-18 0.168764 0.821807 0.000828288 0.00860104 -2.29104e-18 1.189e-18 
-2.68068 1.21355e+26 4.52452e-18 0.168777 0.821871 0.00086133 0.0084905 -2.27562e-18 1.1812e-18 
-2.66767 1.2222e+26 4.495e-18 0.16879 0.821933 0.000895688 0.00838137 -2.2603e-18 1.17347e-18 
-2.65465 1.2309e+26 4.46569e-18 0.168802 0.821993 0.000931414 0.00827361 -2.24508e-18 1.16581e-18 
-2.64164 1.23967e+26 4.43657e-18 0.168814 0.82205 0.000968563 0.00816721 -2.22996e-18 1.15824e-18 
-2.62863 1.24849e+26 4.40765e-18 0.168825 0.822105 0.00100719 0.00806216 -2.21493e-18 1.15074e-18 
-2.61562 1.25737e+26 4.37893e-18 0.168836 0.822158 0.00104735 0.00795844 -2.20001e-18 1.14331e-18 
-2.6026 1.26631e+26 4.35039e-18 0.168846 0.822208 0.00108912 0.00785602 -2.18518e-18 1.13597e-18 
-2.58959 1.27531e+26 4.32205e-18 0.168856 0.822256 0.00113254 0.00775491 -2.17044e-18 1.12869e-18 
-2.57658 1.28436e+26 4.2939e-18 0.168866 0.822302 0.00117769 0.00765507 -2.1558e-18 1.1215e-18 
-2.56356 1.29348e+26 4.26595e-18 0.168874 0.822345 0.00122464 0.00755649 -2.14125e-18 1.11438e-18 
-2.55055 1.30265e+26 4.23818e-18 0.168883 0.822385 0.00127346 0.00745916 -2.1268e-18 1.10733e-18 
-2.53754 1.31189e+26 4.21059e-18 0.16889 0.822422 0.00132422 0.00736306 -2.11243e-18 1.10037e-18 
-2.52452 1.32118e+26 4.1832e-18 0.168897 0.822457 0.001377 0.00726818 -2.09816e-18 1.09347e-18 
-2.51151 1.33054e+26 4.15599e-18 0.168904 0.82249 0.00143187 0.00717449 -2.08398e-18 1.08666e-18 
-2.4985 1.33996e+26 4.12896e-18 0.16891 0.822519 0.00148893 0.00708198 -2.06988e-18 1.07992e-18 
-2.48549 1.34944e+26 4.10212e-18 0.168916 0.822546 0.00154826 0.00699065 -2.05587e-18 1.07325e-18 
-2.47247 1.35898e+26 4.07545e-18 0.16892 0.822569 0.00160994 0.00690047 -2.04195e-18 1.06667e-18 
-2.45946 1.36858e+26 4.04897e-18 0.168925 0.82259 0.00167407 0.00681142 -2.02811e-18 1.06015e-18 
-2.44645 1.37825e+26 4.02267e-18 0.168928 0.822607 0.00174076 0.00672351 -2.01435e-18 1.05372e-18 
-2.43343 1.38798e+26 3.99655e-18 0.168931 0.822622 0.00181009 0.0066367 -2.00068e-18 1.04736e-18 
-2.42042 1.39777e+26 3.9706e-18 0.168934 0.822633 0.00188218 0.00655098 -1.98709e-18 1.04108e-18 
-2.40741 1.40763e+26 3.94483e-18 0.168935 0.822641 0.00195713 0.00646635 -1.97359e-18 1.03488e-18 
-2.39439 1.41755e+26 3.91923e-18 0.168936 0.822646 0.00203506 0.00638278 -1.96016e-18 1.02875e-18 
-2.38138 1.42754e+26 3.89381e-18 0.168936 0.822647 0.00211608 0.00630027 -1.94681e-18 1.0227e-18 
-2.36837 1.43759e+26 3.86857e-18 0.168936 0.822645 0.00220032 0.0062188 -1.93354e-18 1.01674e-18 
-2.35536 1.4477e+26 3.84349e-18 0.168935 0.822639 0.0022879 0.00613836 -1.92035e-18 1.01085e-18 
-2.34234 1.45789e+26 3.81859e-18 0.168933 0.822629 0.00237895 0.00605892 -1.90723e-18 1.00503e-18 
-2.32933 1.46814e+26 3.79385e-18 0.16893 0.822616 0.00247362 0.00598049 -1.89419e-18 9.99304e-19 
-2.31632 1.47845e+26 3.76929e-18 0.168926 0.822598 0.00257204 0.00590305 -1.88123e-18 9.93653e-19 
-2.3033 1.48884e+26 3.74489e-18 0.168922 0.822577 0.00267437 0.00582658 -1.86833e-18 9.88084e-19 
-2.29029 1.49929e+26 3.72066e-18 0.168917 0.822551 0.00278075 0.00575107 -1.85551e-18 9.82596e-19 
-2.27728 1.50981e+26 3.6966e-18 0.168911 0.822521 0.00289135 0.00567651 -1.84276e-18 9.7719e-19 
-2.26426 1.5204e+26 3.6727e-18 0.168904 0.822487 0.00300633 0.00560288 -1.83008e-18 9.71867e-19 
-2.25125 1.53105e+26 3.64897e-18 0.168896 0.822448 0.00312587 0.00553018 -1.81747e-18 9.66627e-19 
-2.23824 1.54178e+26 3.6254e-18 0.168887 0.822405 0.00325014 0.0054584 -1.80492e-18 9.61471e-19 
-2.22523 1.55257e+26 3.60199e-18 0.168877 0.822356 0.00337934 0.00538751 -1.79244e-18 9.56401e-19 
-2.21221 1.56344e+26 3.57875e-18 0.168866 0.822303 0.00351364 0.00531751 -1.78003e-18 9.51416e-19 
-2.1992 1.57438e+26 3.55567e-18 0.168854 0.822245 0.00365327 0.00524839 -1.76768e-18 9.46519e-19 
-2.18619 1.58538e+26 3.53274e-18 0.168841 0.822181 0.00379841 0.00518013 -1.75539e-18 9.41708e-19 
-2.17317 1.59646e+26 3.50998e-18 0.168826 0.822112 0.0039493 0.00511273 -1.74317e-18 9.36987e-19 
-2.16016 1.60761e+26 3.48738e-18 0.168811 0.822037 0.00410615 0.00504617 -1.73101e-18 9.32355e-19 
-2.14715 1.61884e+26 3.46493e-18 0.168795 0.821956 0.0042692 0.00498044 -1.7189e-18 9.27813e-19 
-2.13413 1.63013e+26 3.44264e-18 0.168777 0.821869 0.00443869 0.00491553 -1.70686e-18 9.23364e-19 
-2.12112 1.6415e+26 3.42051e-18 0.168758 0.821776 0.00461488 0.00485143 -1.69487e-18 9.19007e-19 
-2.10811 1.65294e+26 3.39853e-18 0.168737 0.821677 0.00479802 0.00478813 -1.68294e-18 9.14745e-19 
-2.0951 1.66446e+26 3.37671e-18 0.168715 0.821571 0.00498839 0.00472561 -1.67106e-18 9.10578e-19 
-2.08208 1.67605e+26 3.35504e-18 0.168692 0.821458 0.00518627 0.00466387 -1.65924e-18 9.06508e-19 
-2.06907 1.68771e+26 3.33352e-18 0.168668 0.821338 0.00539196 0.0046029 -1.64747e-18 9.02535e-19 
-2.05606 1.69945e+26 3.31216e-18 0.168641 0.82121 0.00560575 0.00454269 -1.63575e-18 8.98663e-19 
-2.04304 1.71127e+26 3.29095e-18 0.168614 0.821075 0.00582796 0.00448322 -1.62408e-18 8.94891e-19 
-2.03003 1.72316e+26 3.26989e-18 0.168584 0.820932 0.00605892 0.00442449 -1.61246e-18 8.91222e-19 
-2.01702 1.73513e+26 3.24898e-18 0.168553 0.820781 0.00629897 0.00436648 -1.60089e-18 8.87657e-19 
-2.004 1.74718e+26 3.22823e-18 0.168521 0.820622 0.00654847 0.00430919 -1.58936e-18 8.84198e-19 
-1.99099 1.7593e+26 3.20762e-18 0.168486 0.820454 0.00680778 0.00425261 -1.57787e-18 8.80846e-19 
-1.97798 1.7715e+26 3.18716e-18 0.16845 0.820276 0.00707727 0.00419672 -1.56643e-18 8.77604e-19 
-1.96496 1.78378e+26 3.16685e-18 0.168411 0.82009 0.00735735 0.00414152 -1.55503e-18 8.74472e-19 
-1.95195 1.79614e+26 3.14669e-18 0.168371 0.819894 0.00764843 0.004087 -1.54367e-18 8.71454e-19 
-1.93894 1.80858e+26 3.12667e-18 0.168329 0.819687 0.00795092 0.00403314 -1.53235e-18 8.68552e-19 
-1.92593 1.8211e+26 3.10681e-18 0.168284 0.819471 0.00826527 0.00397995 -1.52107e-18 8.65766e-19 
-1.91291 1.83369e+26 3.08709e-18 0.168237 0.819243 0.00859193 0.0039274 -1.50982e-18 8.631e-19 
-1.8999 1.84637e+26 3.06751e-18 0.168188 0.819005 0.00893138 0.0038755 -1.4986e-18 8.60555e-19 
-1.88689 1.85913e+26 3.04808e-18 0.168137 0.818755 0.00928412 0.00382422 -1.48742e-18 8.58134e-19 
-1.87387 1.87197e+26 3.0288e-18 0.168083 0.818493 0.00965064 0.00377357 -1.47627e-18 8.55839e-19 
-1.86086 1.88489e+26 3.00966e-18 0.168027 0.818218 0.0100315 0.00372354 -1.46515e-18 8.53673e-19 
-1.84785 1.89789e+26 2.99067e-18 0.167968 0.817931 0.0104272 0.00367411 -1.45405e-18 8.51638e-19 
-1.83483 1.91098e+26 2.97182e-18 0.167906 0.81763 0.0108383 0.00362527 -1.44298e-18 8.49737e-19 
-1.82182 1.92415e+26 2.95311e-18 0.167842 0.817316 0.0112655 0.00357703 -1.43194e-18 8.47972e-19 
-1.80881 1.9374e+26 2.93455e-18 0.167774 0.816987 0.0117092 0.00352936 -1.42091e-18 8.46347e-19 
-1.7958 1.95074e+26 2.91613e-18 0.167704 0.816644 0.0121703 0.00348227 -1.40991e-18 8.44863e-19 
-1.78278 1.96416e+26 2.89786e-18 0.16763 0.816285 0.0126492 0.00343573 -1.39892e-18 8.43525e-19 
-1.76977 1.97766e+26 2.87972e-18 0.167553 0.81591 0.0131468 0.00338976 -1.38795e-18 8.42334e-19 
-1.75676 1.99125e+26 2.86173e-18 0.167473 0.815519 0.0136636 0.00334433 -1.377e-18 8.41295e-19 
-1.74374 2.00493e+26 2.84389e-18 0.167389 0.815111 0.0142005 0.00329944 -1.36606e-18 8.4041e-19 
-1.73073 2.01869e+26 2.82618e-18 0.167301 0.814685 0.0147581 0.00325508 -1.35513e-18 8.39683e-19 
-1.71772 2.03253e+26 2.80862e-18 0.16721 0.814241 0.0153373 0.00321124 -1.3442e-18 8.39117e-19 
-1.7047 2.04647e+26 2.7912e-18 0.167115 0.813778 0.0159388 0.00316792 -1.33329e-18 8.38715e-19 
-1.69169 2.06049e+26 2.77392e-18 0.167016 0.813295 0.0165635 0.00312511 -1.32237e-18 8.38482e-19 
-1.67868 2.07459e+26 2.75678e-18 0.166913 0.812792 0.0172122 0.0030828 -1.31146e-18 8.3842e-19 
-1.66567 2.08879e+26 2.73979e-18 0.166805 0.812268 0.0178859 0.00304098 -1.30055e-18 8.38534e-19 
-1.65265 2.10307e+26 2.72293e-18 0.166693 0.811722 0.0185855 0.00299965 -1.28964e-18 8.38827e-19 
-1.63964 2.11744e+26 2.70622e-18 0.166576 0.811153 0.0193119 0.00295879 -1.27872e-18 8.39304e-19 
-1.62663 2.1319e+26 2.68965e-18 0.166455 0.810561 0.020066 0.00291841 -1.26779e-18 8.39968e-19 
-1.61361 2.14645e+26 2.67323e-18 0.166328 0.809945 0.020849 0.00287848 -1.25686e-18 8.40824e-19 
-1.6006 2.16109e+26 2.65694e-18 0.166196 0.809303 0.0216619 0.00283902 -1.24591e-18 8.41876e-19 
-1.58759 2.17582e+26 2.6408e-18 0.166059 0.808635 0.0225057 0.0028 -1.23495e-18 8.43128e-19 
-1.57457 2.19064e+26 2.6248e-18 0.165916 0.807941 0.0233815 0.00276143 -1.22397e-18 8.44584e-19 
-1.56156 2.20555e+26 2.60894e-18 0.165768 0.807218 0.0242906 0.00272329 -1.21297e-18 8.4625e-19 
-1.54855 2.22054e+26 2.59323e-18 0.165614 0.806467 0.0252341 0.00268558 -1.20194e-18 8.4813e-19 
-1.53554 2.23563e+26 2.57766e-18 0.165453 0.805685 0.0262133 0.00264829 -1.19089e-18 8.50228e-19 
-1.52252 2.25081e+26 2.56224e-18 0.165286 0.804873 0.0272294 0.00261141 -1.17981e-18 8.5255e-19 
-1.50951 2.26608e+26 2.54696e-18 0.165113 0.804028 0.0282837 0.00257495 -1.1687e-18 8.551e-19 
-1.4965 2.28145e+26 2.53182e-18 0.164933 0.803151 0.0293776 0.00253888 -1.15756e-18 8.57883e-19 
-1.48348 2.2969e+26 2.51683e-18 0.164745 0.802239 0.0305125 0.00250321 -1.14637e-18 8.60905e-19 
-1.47047 2.31245e+26 2.50199e-18 0.164551 0.801291 0.0316898 0.00246793 -1.13515e-18 8.6417e-19 
-1.45746 2.32809e+26 2.48729e-18 0.164349 0.800307 0.0329109 0.00243303 -1.12388e-18 8.67684e-19 
-1.44444 2.34382e+26 2.47274e-18 0.164139 0.799285 0.0341774 0.00239851 -1.11257e-18 8.71452e-19 
-1.43143 2.35964e+26 2.45833e-18 0.163921 0.798224 0.0354909 0.00236435 -1.1012e-18 8.75479e-19 
-1.41842 2.37556e+26 2.44408e-18 0.163695 0.797122 0.0368529 0.00233056 -1.08978e-18 8.79772e-19 
-1.40541 2.39156e+26 2.42997e-18 0.16346 0.795978 0.038265 0.00229713 -1.0783e-18 8.84335e-19 
-1.39239 2.40767e+26 2.41601e-18 0.163216 0.794791 0.0397291 0.00226405 -1.06676e-18 8.89174e-19 
-1.37938 2.42386e+26 2.40221e-18 0.162963 0.793559 0.0412467 0.00223132 -1.05516e-18 8.94294e-19 
-1.36637 2.44015e+26 2.38855e-18 0.162701 0.792281 0.0428197 0.00219892 -1.04349e-18 8.99702e-19 
-1.35335 2.45652e+26 2.37505e-18 0.162428 0.790955 0.0444499 0.00216686 -1.03174e-18 9.05403e-19 
-1.34034 2.473e+26 2.3617e-18 0.162146 0.78958 0.0461391 0.00213513 -1.01992e-18 9.11402e-19 
-1.32733 2.48956e+26 2.3485e-18 0.161853 0.788154 0.0478893 0.00210372 -1.00802e-18 9.17705e-19 
-1.31431 2.50622e+26 2.33547e-18 0.161549 0.786675 0.0497024 0.00207262 -9.96035e-19 9.24319e-19 
-1.3013 2.52297e+26 2.32258e-18 0.161235 0.785143 0.0515805 0.00204184 -9.83962e-19 9.31249e-19 
-1.28829 2.53981e+26 2.30986e-18 0.160909 0.783555 0.0535254 0.00201136 -9.71797e-19 9.385e-19 
-1.27528 2.55675e+26 2.29729e-18 0.160571 0.781909 0.0555394 0.00198119 -9.59536e-19 9.46078e-19 
-1.26226 2.57378e+26 2.28488e-18 0.16022 0.780204 0.0576246 0.00195131 -9.47173e-19 9.53988e-19 
-1.24925 2.5909e+26 2.27264e-18 0.159858 0.778438 0.0597831 0.00192172 -9.34706e-19 9.62238e-19 
-1.23624 2.60811e+26 2.26056e-18 0.159482 0.776608 0.062017 0.00189242 -9.22129e-19 9.7083e-19 
-1.22322 2.62541e+26 2.24864e-18 0.159093 0.774715 0.0643287 0.0018634 -9.09437e-19 9.79773e-19 
-1.21021 2.64281e+26 2.23689e-18 0.158691 0.772754 0.0667205 0.00183465 -8.96627e-19 9.89069e-19 
-1.1972 2.66029e+26 2.22531e-18 0.158274 0.770725 0.0691945 0.00180618 -8.83694e-19 9.98726e-19 
-1.18418 2.67787e+26 2.21389e-18 0.157843 0.768626 0.0717533 0.00177797 -8.70633e-19 1.00875e-18 
-1.17117 2.69554e+26 2.20265e-18 0.157397 0.766454 0.074399 0.00175003 -8.57439e-19 1.01914e-18 
-1.15816 2.71329e+26 2.19158e-18 0.156936 0.764208 0.0771342 0.00172234 -8.44107e-19 1.0299e-18 
-1.14515 2.73114e+26 2.18068e-18 0.156459 0.761885 0.0799612 0.0016949 -8.30633e-19 1.04105e-18 
-1.13213 2.74907e+26 2.16996e-18 0.155966 0.759484 0.0828825 0.00166772 -8.17011e-19 1.05257e-18 
-1.11912 2.76709e+26 2.15942e-18 0.155456 0.757003 0.0859006 0.00164078 -8.03237e-19 1.06449e-18 
-1.10611 2.7852e+26 2.14905e-18 0.154929 0.754439 0.0890179 0.00161408 -7.89305e-19 1.07679e-18 
-1.09309 2.8034e+26 2.13887e-18 0.154385 0.75179 0.0922368 0.00158762 -7.75211e-19 1.08949e-18 
-1.08008 2.82168e+26 2.12888e-18 0.153824 0.749055 0.0955599 0.00156139 -7.60948e-19 1.10259e-18 
-1.06707 2.84005e+26 2.11907e-18 0.153244 0.746231 0.0989897 0.00153539 -7.46513e-19 1.11608e-18 
-1.05405 2.8585e+26 2.10945e-18 0.152645 0.743317 0.102529 0.00150962 -7.319e-19 1.12998e-18 
-1.04104 2.87704e+26 2.10002e-18 0.152028 0.740309 0.106179 0.00148408 -7.17103e-19 1.14428e-18 
-1.02803 2.89566e+26 2.09079e-18 0.151391 0.737207 0.109943 0.00145875 -7.02117e-19 1.15899e-18 
-1.01502 2.91435e+26 2.08175e-18 0.150734 0.734008 0.113824 0.00143364 -6.86937e-19 1.17411e-18 
-1.002 2.93313e+26 2.07291e-18 0.150057 0.730711 0.117824 0.00140875 -6.71558e-19 1.18963e-18 
-0.988989 2.95199e+26 2.06427e-18 0.149359 0.727312 0.121945 0.00138407 -6.55974e-19 1.20556e-18 
-0.975976 2.97093e+26 2.05584e-18 0.14864 0.723811 0.126189 0.0013596 -6.4018e-19 1.2219e-18 
-0.962963 2.98995e+26 2.04761e-18 0.147899 0.720206 0.13056 0.00133534 -6.24171e-19 1.23865e-18 
-0.94995 3.00904e+26 2.0396e-18 0.147137 0.716494 0.135058 0.00131128 -6.07941e-19 1.2558e-18 
-0.936937 3.0282e+26 2.03179e-18 0.146353 0.712674 0.139686 0.00128743 -5.91486e-19 1.27335e-18 
-0.923924 3.04744e+26 2.0242e-18 0.145546 0.708745 0.144446 0.00126378 -5.74799e-19 1.2913e-18 
-0.910911 3.06675e+26 2.01683e-18 0.144716 0.704704 0.14934 0.00124032 -5.57876e-19 1.30965e-18 
-0.897898 3.08612e+26 2.00969e-18 0.143863 0.70055 0.15437 0.00121707 -5.40713e-19 1.32838e-18 
-0.884885 3.10557e+26 2.00276e-18 0.142986 0.696282 0.159538 0.00119402 -5.23302e-19 1.34751e-18 
-0.871872 3.12508e+26 1.99607e-18 0.142086 0.691898 0.164845 0.00117116 -5.05641e-19 1.36701e-18 
-0.858859 3.14466e+26 1.9896e-18 0.141162 0.687397 0.170292 0.0011485 -4.87723e-19 1.38689e-18 
-0.845846 3.1643e+26 1.98337e-18 0.140213 0.682778 0.175882 0.00112603 -4.69544e-19 1.40714e-18 
-0.832833 3.184e+26 1.97738e-18 0.13924 0.678041 0.181615 0.00110376 -4.51099e-19 1.42774e-18 
-0.81982 3.20375e+26 1.97164e-18 0.138243 0.673183 0.187493 0.00108169 -4.32384e-19 1.44869e-18 
-0.806807 3.22357e+26 1.96613e-18 0.137221 0.668205 0.193515 0.00105981 -4.13394e-19 1.46999e-18 
-0.793794 3.24344e+26 1.96088e-18 0.136173 0.663105 0.199683 0.00103812 -3.94124e-19 1.49161e-18 
-0.780781 3.26336e+26 1.95588e-18 0.135101 0.657884 0.205998 0.00101663 -3.74572e-19 1.51355e-18 
-0.767768 3.28333e+26 1.95113e-18 0.134004 0.652541 0.21246 0.000995337 -3.54731e-19 1.53579e-18 
-0.754755 3.30335e+26 1.94664e-18 0.132882 0.647076 0.219068 0.000974241 -3.346e-19 1.55832e-18 
-0.741742 3.32341e+26 1.94242e-18 0.131734 0.64149 0.225822 0.000953343 -3.14173e-19 1.58114e-18 
-0.728729 3.34351e+26 1.93847e-18 0.130562 0.635782 0.232723 0.000932644 -2.93448e-19 1.60421e-18 
-0.715716 3.36366e+26 1.93479e-18 0.129365 0.629953 0.23977 0.000912146 -2.72421e-19 1.62754e-18 
-0.702703 3.38384e+26 1.93138e-18 0.128144 0.624004 0.246961 0.00089185 -2.51089e-19 1.65109e-18 
-0.68969 3.40406e+26 1.92825e-18 0.126897 0.617935 0.254295 0.000871759 -2.29449e-19 1.67486e-18 
-0.676677 3.4243e+26 1.92541e-18 0.125627 0.611749 0.261772 0.000851874 -2.07498e-19 1.69883e-18 
-0.663664 3.44458e+26 1.92285e-18 0.124333 0.605446 0.269389 0.000832197 -1.85234e-19 1.72298e-18 
-0.650651 3.46488e+26 1.92059e-18 0.123015 0.599028 0.277144 0.00081273 -1.62655e-19 1.74728e-18 
-0.637638 3.4852e+26 1.91862e-18 0.121674 0.592497 0.285036 0.000793476 -1.39758e-19 1.77173e-18 
-0.624625 3.50554e+26 1.91695e-18 0.12031 0.585855 0.293061 0.000774437 -1.16543e-19 1.7963e-18 
-0.611612 3.5259e+26 1.91559e-18 0.118923 0.579105 0.301217 0.000755617 -9.30076e-20 1.82096e-18 
-0.598599 3.54627e+26 1.91454e-18 0.117515 0.572248 0.3095 0.000737017 -6.91505e-20 1.84571e-18 
-0.585586 3.56666e+26 1.91379e-18 0.116086 0.565288 0.317907 0.00071864 -4.49709e-20 1.87052e-18 
-0.572573 3.58704e+26 1.91337e-18 0.114636 0.558228 0.326435 0.00070049 -2.04682e-20 1.89536e-18 
-0.55956 3.60743e+26 1.91326e-18 0.113166 0.551072 0.335079 0.000682569 4.35788e-21 1.92022e-18 
-0.546547 3.62782e+26 1.91348e-18 0.111678 0.543822 0.343836 0.000664881 2.95075e-20 1.94508e-18 
-0.533534 3.64821e+26 1.91403e-18 0.110171 0.536483 0.352699 0.000647428 5.49804e-20 1.96991e-18 
-0.520521 3.66858e+26 1.91491e-18 0.108646 0.529059 0.361665 0.000630214 8.07762e-20 1.9947e-18 
-0.507508 3.68895e+26 1.91613e-18 0.107105 0.521553 0.370729 0.000613241 1.06894e-19 2.01942e-18 
-0.494494 3.7093e+26 1.9177e-18 0.105548 0.513972 0.379884 0.000596514 1.33333e-19 2.04405e-18 
-0.481481 3.72964e+26 1.91961e-18 0.103976 0.506318 0.389126 0.000580034 1.60092e-19 2.06857e-18 
-0.468468 3.74995e+26 1.92187e-18 0.102391 0.498598 0.398448 0.000563805 1.87169e-19 2.09297e-18 
-0.455455 3.77023e+26 1.92448e-18 0.100793 0.490816 0.407844 0.000547829 2.14563e-19 2.11723e-18 
-0.442442 3.79049e+26 1.92745e-18 0.0991829 0.482977 0.417308 0.000532111 2.42272e-19 2.14132e-18 
-0.429429 3.81071e+26 1.93079e-18 0.0975627 0.475088 0.426833 0.000516651 2.70293e-19 2.16523e-18 
-0.416416 3.8309e+26 1.93449e-18 0.0959332 0.467153 0.436413 0.000501454 2.98623e-19 2.18895e-18 
-0.403403 3.85104e+26 1.93856e-18 0.0942955 0.459178 0.44604 0.000486521 3.27261e-19 2.21246e-18 
-0.39039 3.87115e+26 1.94301e-18 0.0926508 0.451169 0.455708 0.000471855 3.56204e-19 2.23574e-18 
-0.377377 3.8912e+26 1.94783e-18 0.0910004 0.443132 0.46541 0.000457458 3.85448e-19 2.25879e-18 
-0.364364 3.9112e+26 1.95304e-18 0.0893455 0.435074 0.475137 0.000443332 4.1499e-19 2.28158e-18 
-0.351351 3.93115e+26 1.95863e-18 0.0876873 0.426999 0.484884 0.000429479 4.44827e-19 2.30412e-18 
-0.338338 3.95104e+26 1.96462e-18 0.0860272 0.418915 0.494642 0.0004159 4.74956e-19 2.32638e-18 
-0.325325 3.97086e+26 1.97099e-18 0.0843663 0.410827 0.504404 0.000402597 5.05373e-19 2.34837e-18 
-0.312312 3.99062e+26 1.97777e-18 0.0827059 0.402742 0.514163 0.000389571 5.36073e-19 2.37008e-18 
-0.299299 4.01031e+26 1.98495e-18 0.0810473 0.394665 0.523911 0.000376823 5.67055e-19 2.3915e-18 
-0.286286 4.02993e+26 1.99253e-18 0.0793918 0.386604 0.53364 0.000364354 5.98314e-19 2.41264e-18 
-0.273273 4.04947e+26 2.00052e-18 0.0777406 0.378563 0.543344 0.000352163 6.29845e-19 2.43347e-18 
-0.26026 4.06893e+26 2.00892e-18 0.0760949 0.370549 0.553016 0.000340252 6.61646e-19 2.45402e-18 
-0.247247 4.08831e+26 2.01774e-18 0.074456 0.362568 0.562647 0.000328619 6.93712e-19 2.47428e-18 
-0.234234 4.1076e+26 2.02698e-18 0.0728251 0.354626 0.572231 0.000317265 7.2604e-19 2.49425e-18 
-0.221221 4.1268e+26 2.03664e-18 0.0712033 0.346729 0.581762 0.000306189 7.58626e-19 2.51393e-18 
-0.208208 4.14591e+26 2.04672e-18 0.0695917 0.338882 0.591231 0.000295391 7.91467e-19 2.53334e-18 
-0.195195 4.16492e+26 2.05724e-18 0.0679917 0.33109 0.600634 0.000284868 8.24558e-19 2.55248e-18 
-0.182182 4.18383e+26 2.06819e-18 0.0664041 0.323359 0.609962 0.000274619 8.57897e-19 2.57136e-18 
-0.169169 4.20264e+26 2.07957e-18 0.06483 0.315694 0.619211 0.000264643 8.91479e-19 2.58998e-18 
-0.156156 4.22135e+26 2.09139e-18 0.0632705 0.3081 0.628375 0.000254938 9.25303e-19 2.60837e-18 
-0.143143 4.23995e+26 2.10365e-18 0.0617265 0.300581 0.637447 0.000245501 9.59364e-19 2.62653e-18 
-0.13013 4.25844e+26 2.11636e-18 0.060199 0.293143 0.646422 0.00023633 9.9366e-19 2.64448e-18 
-0.117117 4.27682e+26 2.12951e-18 0.0586889 0.285789 0.655294 0.000227423 1.02819e-18 2.66223e-18 
-0.104104 4.29508e+26 2.14312e-18 0.0571969 0.278524 0.66406 0.000218776 1.06295e-18 2.6798e-18 
-0.0910911 4.31322e+26 2.15718e-18 0.0557239 0.271351 0.672715 0.000210386 1.09793e-18 2.69721e-18 
-0.0780781 4.33125e+26 2.17169e-18 0.0542706 0.264274 0.681253 0.00020225 1.13314e-18 2.71447e-18 
-0.0650651 4.34915e+26 2.18667e-18 0.0528377 0.257297 0.689671 0.000194364 1.16858e-18 2.7316e-18 
-0.0520521 4.36693e+26 2.20211e-18 0.0514258 0.250421 0.697966 0.000186725 1.20424e-18 2.74862e-18 
-0.039039 4.38458e+26 2.21801e-18 0.0500356 0.243652 0.706133 0.000179328 1.24011e-18 2.76556e-18 
-0.026026 4.4021e+26 2.23438e-18 0.0486676 0.23699 0.71417 0.00017217 1.27621e-18 2.78243e-18 
-0.013013 4.4195e+26 2.25123e-18 0.0473222 0.230439 0.722074 0.000165246 1.31253e-18 2.79926e-18 
0 4.43676e+26 2.26855e-18 0.046 0.224 0.729841 0.000158552 1.34907e-18 2.81606e-18 
