1.62039e-27 1.25336e+70 
1.13508e-26 8.10768e+70 
2.10813e-26 1.46391e+71 
3.08117e-26 2.09816e+71 
4.05422e-26 2.7166e+71 
5.02726e-26 3.32058e+71 
6.00031e-26 3.91082e+71 
6.97335e-26 4.48776e+71 
7.9464e-26 5.05174e+71 
8.91944e-26 5.60298e+71 
9.89249e-26 6.14168e+71 
1.08655e-25 6.66801e+71 
1.18386e-25 7.18211e+71 
1.28116e-25 7.68411e+71 
1.37847e-25 8.17412e+71 
1.47577e-25 8.65226e+71 
1.57308e-25 9.11861e+71 
1.67038e-25 9.57329e+71 
1.76768e-25 1.00164e+72 
1.86499e-25 1.04479e+72 
1.96229e-25 1.08681e+72 
2.0596e-25 1.12769e+72 
2.1569e-25 1.16744e+72 
2.25421e-25 1.20608e+72 
2.35151e-25 1.24361e+72 
2.44882e-25 1.28004e+72 
2.54612e-25 1.31537e+72 
2.64342e-25 1.34963e+72 
2.74073e-25 1.3828e+72 
2.83803e-25 1.41492e+72 
2.93534e-25 1.44597e+72 
3.03264e-25 1.47598e+72 
3.12995e-25 1.50496e+72 
3.22725e-25 1.53291e+72 
3.32456e-25 1.55986e+72 
3.42186e-25 1.58579e+72 
3.51917e-25 1.61074e+72 
3.61647e-25 1.63472e+72 
3.71377e-25 1.65773e+72 
3.81108e-25 1.67979e+72 
3.90838e-25 1.70091e+72 
4.00569e-25 1.72111e+72 
4.10299e-25 1.74041e+72 
4.2003e-25 1.75881e+72 
4.2976e-25 1.77633e+72 
4.39491e-25 1.793e+72 
4.49221e-25 1.80881e+72 
4.58951e-25 1.8238e+72 
4.68682e-25 1.83798e+72 
4.78412e-25 1.85137e+72 
4.88143e-25 1.86397e+72 
4.97873e-25 1.87582e+72 
5.07604e-25 1.88693e+72 
5.17334e-25 1.89731e+72 
5.27065e-25 1.90699e+72 
5.36795e-25 1.91599e+72 
5.46525e-25 1.92431e+72 
5.56256e-25 1.93199e+72 
5.65986e-25 1.93903e+72 
5.75717e-25 1.94547e+72 
5.85447e-25 1.95131e+72 
5.95178e-25 1.95658e+72 
6.04908e-25 1.9613e+72 
6.14639e-25 1.96548e+72 
6.24369e-25 1.96915e+72 
6.341e-25 1.97231e+72 
6.4383e-25 1.975e+72 
6.5356e-25 1.97723e+72 
6.63291e-25 1.97901e+72 
6.73021e-25 1.98037e+72 
6.82752e-25 1.98133e+72 
6.92482e-25 1.9819e+72 
7.02213e-25 1.98209e+72 
7.11943e-25 1.98194e+72 
7.21674e-25 1.98144e+72 
7.31404e-25 1.98063e+72 
7.41134e-25 1.97951e+72 
7.50865e-25 1.97811e+72 
7.60595e-25 1.97643e+72 
7.70326e-25 1.9745e+72 
7.80056e-25 1.97233e+72 
7.89787e-25 1.96993e+72 
7.99517e-25 1.96732e+72 
8.09248e-25 1.96452e+72 
8.18978e-25 1.96152e+72 
8.28708e-25 1.95836e+72 
8.38439e-25 1.95504e+72 
8.48169e-25 1.95157e+72 
8.579e-25 1.94797e+72 
8.6763e-25 1.94424e+72 
8.77361e-25 1.94041e+72 
8.87091e-25 1.93647e+72 
8.96822e-25 1.93244e+72 
9.06552e-25 1.92833e+72 
9.16282e-25 1.92415e+72 
9.26013e-25 1.91991e+72 
9.35743e-25 1.91561e+72 
9.45474e-25 1.91127e+72 
9.55204e-25 1.90688e+72 
9.64935e-25 1.90247e+72 
9.74665e-25 1.89804e+72 
9.84396e-25 1.89358e+72 
9.94126e-25 1.88912e+72 
1.00386e-24 1.88465e+72 
1.01359e-24 1.88018e+72 
1.02332e-24 1.87571e+72 
1.03305e-24 1.87125e+72 
1.04278e-24 1.86681e+72 
1.05251e-24 1.86238e+72 
1.06224e-24 1.85797e+72 
1.07197e-24 1.85359e+72 
1.0817e-24 1.84923e+72 
1.09143e-24 1.8449e+72 
1.10116e-24 1.8406e+72 
1.11089e-24 1.83634e+72 
1.12062e-24 1.83211e+72 
1.13035e-24 1.82791e+72 
1.14008e-24 1.82375e+72 
1.14981e-24 1.81963e+72 
1.15954e-24 1.81554e+72 
1.16927e-24 1.8115e+72 
1.179e-24 1.80749e+72 
1.18874e-24 1.80351e+72 
1.19847e-24 1.79958e+72 
1.2082e-24 1.79568e+72 
1.21793e-24 1.79181e+72 
1.22766e-24 1.78798e+72 
1.23739e-24 1.78418e+72 
1.24712e-24 1.78041e+72 
1.25685e-24 1.77667e+72 
1.26658e-24 1.77296e+72 
1.27631e-24 1.76928e+72 
1.28604e-24 1.76561e+72 
1.29577e-24 1.76197e+72 
1.3055e-24 1.75835e+72 
1.31523e-24 1.75475e+72 
1.32496e-24 1.75115e+72 
1.33469e-24 1.74758e+72 
1.34442e-24 1.74401e+72 
1.35415e-24 1.74044e+72 
1.36388e-24 1.73688e+72 
1.37361e-24 1.73332e+72 
1.38334e-24 1.72976e+72 
1.39307e-24 1.7262e+72 
1.4028e-24 1.72263e+72 
1.41254e-24 1.71905e+72 
1.42227e-24 1.71545e+72 
1.432e-24 1.71184e+72 
1.44173e-24 1.70821e+72 
1.45146e-24 1.70456e+72 
1.46119e-24 1.70089e+72 
1.47092e-24 1.69719e+72 
1.48065e-24 1.69346e+72 
1.49038e-24 1.68971e+72 
1.50011e-24 1.68591e+72 
1.50984e-24 1.68208e+72 
1.51957e-24 1.67822e+72 
1.5293e-24 1.67431e+72 
1.53903e-24 1.67036e+72 
1.54876e-24 1.66637e+72 
1.55849e-24 1.66232e+72 
1.56822e-24 1.65824e+72 
1.57795e-24 1.6541e+72 
1.58768e-24 1.64991e+72 
1.59741e-24 1.64567e+72 
1.60714e-24 1.64137e+72 
1.61687e-24 1.63702e+72 
1.62661e-24 1.63261e+72 
1.63634e-24 1.62815e+72 
1.64607e-24 1.62362e+72 
1.6558e-24 1.61904e+72 
1.66553e-24 1.6144e+72 
1.67526e-24 1.6097e+72 
1.68499e-24 1.60495e+72 
1.69472e-24 1.60013e+72 
1.70445e-24 1.59525e+72 
1.71418e-24 1.59031e+72 
1.72391e-24 1.58532e+72 
1.73364e-24 1.58026e+72 
1.74337e-24 1.57515e+72 
1.7531e-24 1.56998e+72 
1.76283e-24 1.56475e+72 
1.77256e-24 1.55947e+72 
1.78229e-24 1.55413e+72 
1.79202e-24 1.54874e+72 
1.80175e-24 1.5433e+72 
1.81148e-24 1.53781e+72 
1.82121e-24 1.53227e+72 
1.83094e-24 1.52668e+72 
1.84068e-24 1.52104e+72 
1.85041e-24 1.51536e+72 
1.86014e-24 1.50964e+72 
1.86987e-24 1.50388e+72 
1.8796e-24 1.49808e+72 
1.88933e-24 1.49225e+72 
1.89906e-24 1.48638e+72 
1.90879e-24 1.48048e+72 
1.91852e-24 1.47455e+72 
1.92825e-24 1.46859e+72 
1.93798e-24 1.46261e+72 
1.94771e-24 1.45661e+72 
1.95744e-24 1.45059e+72 
1.96717e-24 1.44455e+72 
1.9769e-24 1.4385e+72 
1.98663e-24 1.43244e+72 
1.99636e-24 1.42637e+72 
2.00609e-24 1.42029e+72 
2.01582e-24 1.41421e+72 
2.02555e-24 1.40813e+72 
2.03528e-24 1.40205e+72 
2.04501e-24 1.39598e+72 
2.05474e-24 1.38991e+72 
2.06448e-24 1.38385e+72 
2.07421e-24 1.3778e+72 
2.08394e-24 1.37177e+72 
2.09367e-24 1.36576e+72 
2.1034e-24 1.35976e+72 
2.11313e-24 1.35379e+72 
2.12286e-24 1.34785e+72 
2.13259e-24 1.34193e+72 
2.14232e-24 1.33603e+72 
2.15205e-24 1.33017e+72 
2.16178e-24 1.32435e+72 
2.17151e-24 1.31856e+72 
2.18124e-24 1.31281e+72 
2.19097e-24 1.30709e+72 
2.2007e-24 1.30142e+72 
2.21043e-24 1.29579e+72 
2.22016e-24 1.29021e+72 
2.22989e-24 1.28468e+72 
2.23962e-24 1.27919e+72 
2.24935e-24 1.27375e+72 
2.25908e-24 1.26837e+72 
2.26881e-24 1.26303e+72 
2.27855e-24 1.25775e+72 
2.28828e-24 1.25253e+72 
2.29801e-24 1.24736e+72 
2.30774e-24 1.24225e+72 
2.31747e-24 1.2372e+72 
2.3272e-24 1.2322e+72 
2.33693e-24 1.22727e+72 
2.34666e-24 1.2224e+72 
2.35639e-24 1.21758e+72 
2.36612e-24 1.21283e+72 
2.37585e-24 1.20814e+72 
2.38558e-24 1.20351e+72 
2.39531e-24 1.19894e+72 
2.40504e-24 1.19444e+72 
2.41477e-24 1.18999e+72 
2.4245e-24 1.18561e+72 
2.43423e-24 1.18129e+72 
2.44396e-24 1.17703e+72 
2.45369e-24 1.17283e+72 
2.46342e-24 1.1687e+72 
2.47315e-24 1.16462e+72 
2.48288e-24 1.1606e+72 
2.49262e-24 1.15664e+72 
2.50235e-24 1.15274e+72 
2.51208e-24 1.1489e+72 
2.52181e-24 1.14511e+72 
2.53154e-24 1.14138e+72 
2.54127e-24 1.13771e+72 
2.551e-24 1.13409e+72 
2.56073e-24 1.13052e+72 
2.57046e-24 1.127e+72 
2.58019e-24 1.12353e+72 
2.58992e-24 1.12011e+72 
2.59965e-24 1.11674e+72 
2.60938e-24 1.11341e+72 
2.61911e-24 1.11013e+72 
2.62884e-24 1.1069e+72 
2.63857e-24 1.1037e+72 
2.6483e-24 1.10055e+72 
2.65803e-24 1.09743e+72 
2.66776e-24 1.09435e+72 
2.67749e-24 1.09131e+72 
2.68722e-24 1.0883e+72 
2.69695e-24 1.08532e+72 
2.70668e-24 1.08238e+72 
2.71642e-24 1.07946e+72 
2.72615e-24 1.07658e+72 
2.73588e-24 1.07371e+72 
2.74561e-24 1.07087e+72 
2.75534e-24 1.06806e+72 
2.76507e-24 1.06526e+72 
2.7748e-24 1.06249e+72 
2.78453e-24 1.05973e+72 
2.79426e-24 1.05699e+72 
2.80399e-24 1.05426e+72 
2.81372e-24 1.05154e+72 
2.82345e-24 1.04884e+72 
2.83318e-24 1.04614e+72 
2.84291e-24 1.04346e+72 
2.85264e-24 1.04078e+72 
2.86237e-24 1.0381e+72 
2.8721e-24 1.03543e+72 
2.88183e-24 1.03276e+72 
2.89156e-24 1.03009e+72 
2.90129e-24 1.02742e+72 
2.91102e-24 1.02475e+72 
2.92075e-24 1.02207e+72 
2.93049e-24 1.01939e+72 
2.94022e-24 1.0167e+72 
2.94995e-24 1.01401e+72 
2.95968e-24 1.01131e+72 
2.96941e-24 1.0086e+72 
2.97914e-24 1.00588e+72 
2.98887e-24 1.00315e+72 
2.9986e-24 1.00041e+72 
3.00833e-24 9.97653e+71 
3.01806e-24 9.94884e+71 
3.02779e-24 9.92102e+71 
3.03752e-24 9.89305e+71 
3.04725e-24 9.86493e+71 
3.05698e-24 9.83664e+71 
3.06671e-24 9.8082e+71 
3.07644e-24 9.77959e+71 
3.08617e-24 9.7508e+71 
3.0959e-24 9.72185e+71 
3.10563e-24 9.69272e+71 
3.11536e-24 9.66341e+71 
3.12509e-24 9.63392e+71 
3.13482e-24 9.60425e+71 
3.14456e-24 9.57441e+71 
3.15429e-24 9.54439e+71 
3.16402e-24 9.51418e+71 
3.17375e-24 9.48379e+71 
3.18348e-24 9.45322e+71 
3.19321e-24 9.42251e+71 
3.20294e-24 9.39164e+71 
3.21267e-24 9.36059e+71 
3.2224e-24 9.32937e+71 
3.23213e-24 9.298e+71 
3.24186e-24 9.26649e+71 
3.25159e-24 9.23483e+71 
3.26132e-24 9.20302e+71 
3.27105e-24 9.17109e+71 
3.28078e-24 9.13904e+71 
3.29051e-24 9.10686e+71 
3.30024e-24 9.07458e+71 
3.30997e-24 9.04219e+71 
3.3197e-24 9.00971e+71 
3.32943e-24 8.97715e+71 
3.33916e-24 8.94451e+71 
3.34889e-24 8.9118e+71 
3.35862e-24 8.87903e+71 
3.36836e-24 8.84622e+71 
3.37809e-24 8.81337e+71 
3.38782e-24 8.78048e+71 
3.39755e-24 8.74758e+71 
3.40728e-24 8.71467e+71 
3.41701e-24 8.68176e+71 
3.42674e-24 8.64887e+71 
3.43647e-24 8.61599e+71 
3.4462e-24 8.58315e+71 
3.45593e-24 8.55035e+71 
3.46566e-24 8.5176e+71 
3.47539e-24 8.48492e+71 
3.48512e-24 8.45231e+71 
3.49485e-24 8.41979e+71 
3.50458e-24 8.38736e+71 
3.51431e-24 8.35504e+71 
3.52404e-24 8.32283e+71 
3.53377e-24 8.29074e+71 
3.5435e-24 8.2588e+71 
3.55323e-24 8.22699e+71 
3.56296e-24 8.19533e+71 
3.57269e-24 8.16384e+71 
3.58243e-24 8.13253e+71 
3.59216e-24 8.1014e+71 
3.60189e-24 8.07045e+71 
3.61162e-24 8.03969e+71 
3.62135e-24 8.00915e+71 
3.63108e-24 7.97882e+71 
3.64081e-24 7.94871e+71 
3.65054e-24 7.91882e+71 
3.66027e-24 7.88917e+71 
3.67e-24 7.85976e+71 
3.67973e-24 7.8306e+71 
3.68946e-24 7.80168e+71 
3.69919e-24 7.77301e+71 
3.70892e-24 7.74463e+71 
3.71865e-24 7.71654e+71 
3.72838e-24 7.68869e+71 
3.73811e-24 7.66111e+71 
3.74784e-24 7.63382e+71 
3.75757e-24 7.60682e+71 
3.7673e-24 7.58011e+71 
3.77703e-24 7.55368e+71 
3.78676e-24 7.52755e+71 
3.7965e-24 7.50171e+71 
3.80623e-24 7.47617e+71 
3.81596e-24 7.45091e+71 
3.82569e-24 7.42594e+71 
3.83542e-24 7.40129e+71 
3.84515e-24 7.37695e+71 
3.85488e-24 7.35291e+71 
3.86461e-24 7.32915e+71 
3.87434e-24 7.30569e+71 
3.88407e-24 7.28252e+71 
3.8938e-24 7.25965e+71 
3.90353e-24 7.23707e+71 
3.91326e-24 7.21478e+71 
3.92299e-24 7.19278e+71 
3.93272e-24 7.17106e+71 
3.94245e-24 7.14962e+71 
3.95218e-24 7.12846e+71 
3.96191e-24 7.10757e+71 
3.97164e-24 7.08695e+71 
3.98137e-24 7.0666e+71 
3.9911e-24 7.04651e+71 
4.00083e-24 7.02667e+71 
4.01056e-24 7.00708e+71 
4.0203e-24 6.98774e+71 
4.03003e-24 6.96865e+71 
4.03976e-24 6.94978e+71 
4.04949e-24 6.93113e+71 
4.05922e-24 6.91271e+71 
4.06895e-24 6.89453e+71 
4.07868e-24 6.87655e+71 
4.08841e-24 6.85877e+71 
4.09814e-24 6.84118e+71 
4.10787e-24 6.82378e+71 
4.1176e-24 6.80656e+71 
4.12733e-24 6.78952e+71 
4.13706e-24 6.77266e+71 
4.14679e-24 6.75595e+71 
4.15652e-24 6.7394e+71 
4.16625e-24 6.72299e+71 
4.17598e-24 6.70672e+71 
4.18571e-24 6.69058e+71 
4.19544e-24 6.67457e+71 
4.20517e-24 6.65868e+71 
4.2149e-24 6.6429e+71 
4.22463e-24 6.62722e+71 
4.23437e-24 6.61163e+71 
4.2441e-24 6.59613e+71 
4.25383e-24 6.58072e+71 
4.26356e-24 6.56537e+71 
4.27329e-24 6.5501e+71 
4.28302e-24 6.53488e+71 
4.29275e-24 6.51972e+71 
4.30248e-24 6.5046e+71 
4.31221e-24 6.48952e+71 
4.32194e-24 6.47448e+71 
4.33167e-24 6.45944e+71 
4.3414e-24 6.44441e+71 
4.35113e-24 6.42943e+71 
4.36086e-24 6.41448e+71 
4.37059e-24 6.39952e+71 
4.38032e-24 6.38453e+71 
4.39005e-24 6.36954e+71 
4.39978e-24 6.35454e+71 
4.40951e-24 6.33951e+71 
4.41924e-24 6.32447e+71 
4.42897e-24 6.30939e+71 
4.4387e-24 6.29428e+71 
4.44844e-24 6.27913e+71 
4.45817e-24 6.26394e+71 
4.4679e-24 6.24871e+71 
4.47763e-24 6.23343e+71 
4.48736e-24 6.2181e+71 
4.49709e-24 6.20271e+71 
4.50682e-24 6.18727e+71 
4.51655e-24 6.17176e+71 
4.52628e-24 6.1562e+71 
4.53601e-24 6.14058e+71 
4.54574e-24 6.12485e+71 
4.55547e-24 6.10905e+71 
4.5652e-24 6.09322e+71 
4.57493e-24 6.07736e+71 
4.58466e-24 6.06141e+71 
4.59439e-24 6.04536e+71 
4.60412e-24 6.02924e+71 
4.61385e-24 6.01306e+71 
4.62358e-24 5.9968e+71 
4.63331e-24 5.98047e+71 
4.64304e-24 5.96407e+71 
4.65277e-24 5.9476e+71 
4.6625e-24 5.93107e+71 
4.67224e-24 5.91447e+71 
4.68197e-24 5.8978e+71 
4.6917e-24 5.88107e+71 
4.70143e-24 5.86427e+71 
4.71116e-24 5.84742e+71 
4.72089e-24 5.83051e+71 
4.73062e-24 5.81355e+71 
4.74035e-24 5.79653e+71 
4.75008e-24 5.77946e+71 
4.75981e-24 5.76235e+71 
4.76954e-24 5.74519e+71 
4.77927e-24 5.72799e+71 
4.789e-24 5.71076e+71 
4.79873e-24 5.69349e+71 
4.80846e-24 5.6762e+71 
4.81819e-24 5.65888e+71 
4.82792e-24 5.64153e+71 
4.83765e-24 5.62417e+71 
4.84738e-24 5.60679e+71 
4.85711e-24 5.58941e+71 
4.86684e-24 5.57201e+71 
4.87657e-24 5.55461e+71 
4.88631e-24 5.53721e+71 
4.89604e-24 5.51983e+71 
4.90577e-24 5.50247e+71 
4.9155e-24 5.48512e+71 
4.92523e-24 5.46778e+71 
4.93496e-24 5.45046e+71 
4.94469e-24 5.43318e+71 
4.95442e-24 5.41593e+71 
4.96415e-24 5.39872e+71 
4.97388e-24 5.38155e+71 
4.98361e-24 5.36442e+71 
4.99334e-24 5.34735e+71 
5.00307e-24 5.33033e+71 
5.0128e-24 5.31337e+71 
5.02253e-24 5.29647e+71 
5.03226e-24 5.27964e+71 
5.04199e-24 5.26288e+71 
5.05172e-24 5.2462e+71 
5.06145e-24 5.22959e+71 
5.07118e-24 5.21307e+71 
5.08091e-24 5.19663e+71 
5.09064e-24 5.18028e+71 
5.10038e-24 5.16403e+71 
5.11011e-24 5.14787e+71 
5.11984e-24 5.13181e+71 
5.12957e-24 5.11586e+71 
5.1393e-24 5.10001e+71 
5.14903e-24 5.08426e+71 
5.15876e-24 5.06863e+71 
5.16849e-24 5.05311e+71 
5.17822e-24 5.03771e+71 
5.18795e-24 5.02243e+71 
5.19768e-24 5.00727e+71 
5.20741e-24 4.99222e+71 
5.21714e-24 4.97731e+71 
5.22687e-24 4.96252e+71 
5.2366e-24 4.94785e+71 
5.24633e-24 4.93331e+71 
5.25606e-24 4.91889e+71 
5.26579e-24 4.90462e+71 
5.27552e-24 4.89048e+71 
5.28525e-24 4.87648e+71 
5.29498e-24 4.86261e+71 
5.30471e-24 4.84886e+71 
5.31444e-24 4.83525e+71 
5.32418e-24 4.82178e+71 
5.33391e-24 4.80844e+71 
5.34364e-24 4.79523e+71 
5.35337e-24 4.78215e+71 
5.3631e-24 4.76921e+71 
5.37283e-24 4.75641e+71 
5.38256e-24 4.74374e+71 
5.39229e-24 4.7312e+71 
5.40202e-24 4.71878e+71 
5.41175e-24 4.7065e+71 
5.42148e-24 4.69434e+71 
5.43121e-24 4.68231e+71 
5.44094e-24 4.6704e+71 
5.45067e-24 4.65862e+71 
5.4604e-24 4.64696e+71 
5.47013e-24 4.63543e+71 
5.47986e-24 4.62401e+71 
5.48959e-24 4.6127e+71 
5.49932e-24 4.60151e+71 
5.50905e-24 4.59043e+71 
5.51878e-24 4.57946e+71 
5.52851e-24 4.56859e+71 
5.53825e-24 4.55784e+71 
5.54798e-24 4.54718e+71 
5.55771e-24 4.53662e+71 
5.56744e-24 4.52616e+71 
5.57717e-24 4.51579e+71 
5.5869e-24 4.50551e+71 
5.59663e-24 4.49532e+71 
5.60636e-24 4.48521e+71 
5.61609e-24 4.47518e+71 
5.62582e-24 4.46524e+71 
5.63555e-24 4.45538e+71 
5.64528e-24 4.44559e+71 
5.65501e-24 4.43588e+71 
5.66474e-24 4.42622e+71 
5.67447e-24 4.41658e+71 
5.6842e-24 4.40699e+71 
5.69393e-24 4.39749e+71 
5.70366e-24 4.38811e+71 
5.71339e-24 4.3788e+71 
5.72312e-24 4.36951e+71 
5.73285e-24 4.36023e+71 
5.74258e-24 4.35098e+71 
5.75232e-24 4.34178e+71 
5.76205e-24 4.33262e+71 
5.77178e-24 4.3235e+71 
5.78151e-24 4.31439e+71 
5.79124e-24 4.30532e+71 
5.80097e-24 4.29627e+71 
5.8107e-24 4.28725e+71 
5.82043e-24 4.27825e+71 
5.83016e-24 4.26926e+71 
5.83989e-24 4.26028e+71 
5.84962e-24 4.25131e+71 
5.85935e-24 4.24236e+71 
5.86908e-24 4.23341e+71 
5.87881e-24 4.22446e+71 
5.88854e-24 4.21551e+71 
5.89827e-24 4.20656e+71 
5.908e-24 4.19761e+71 
5.91773e-24 4.18866e+71 
5.92746e-24 4.1797e+71 
5.93719e-24 4.17073e+71 
5.94692e-24 4.16174e+71 
5.95665e-24 4.15274e+71 
5.96638e-24 4.14372e+71 
5.97612e-24 4.1347e+71 
5.98585e-24 4.12567e+71 
5.99558e-24 4.11662e+71 
6.00531e-24 4.10755e+71 
6.01504e-24 4.09845e+71 
6.02477e-24 4.08933e+71 
6.0345e-24 4.08019e+71 
6.04423e-24 4.07103e+71 
6.05396e-24 4.06185e+71 
6.06369e-24 4.05264e+71 
6.07342e-24 4.0434e+71 
6.08315e-24 4.03415e+71 
6.09288e-24 4.02486e+71 
6.10261e-24 4.01556e+71 
6.11234e-24 4.00622e+71 
6.12207e-24 3.99687e+71 
6.1318e-24 3.98748e+71 
6.14153e-24 3.97808e+71 
6.15126e-24 3.96864e+71 
6.16099e-24 3.95919e+71 
6.17072e-24 3.9497e+71 
6.18045e-24 3.9402e+71 
6.19019e-24 3.93068e+71 
6.19992e-24 3.92114e+71 
6.20965e-24 3.91157e+71 
6.21938e-24 3.90197e+71 
6.22911e-24 3.89235e+71 
6.23884e-24 3.88272e+71 
6.24857e-24 3.87309e+71 
6.2583e-24 3.86345e+71 
6.26803e-24 3.8538e+71 
6.27776e-24 3.84412e+71 
6.28749e-24 3.83442e+71 
6.29722e-24 3.82471e+71 
6.30695e-24 3.81499e+71 
6.31668e-24 3.80527e+71 
6.32641e-24 3.79555e+71 
6.33614e-24 3.78582e+71 
6.34587e-24 3.77608e+71 
6.3556e-24 3.76635e+71 
6.36533e-24 3.75662e+71 
6.37506e-24 3.74689e+71 
6.38479e-24 3.73716e+71 
6.39452e-24 3.72744e+71 
6.40426e-24 3.71773e+71 
6.41399e-24 3.70803e+71 
6.42372e-24 3.69834e+71 
6.43345e-24 3.68866e+71 
6.44318e-24 3.679e+71 
6.45291e-24 3.66935e+71 
6.46264e-24 3.65972e+71 
6.47237e-24 3.65011e+71 
6.4821e-24 3.64053e+71 
6.49183e-24 3.63097e+71 
6.50156e-24 3.62143e+71 
6.51129e-24 3.61192e+71 
6.52102e-24 3.60244e+71 
6.53075e-24 3.59299e+71 
6.54048e-24 3.58358e+71 
6.55021e-24 3.57419e+71 
6.55994e-24 3.56485e+71 
6.56967e-24 3.55554e+71 
6.5794e-24 3.54627e+71 
6.58913e-24 3.53704e+71 
6.59886e-24 3.52785e+71 
6.60859e-24 3.5187e+71 
6.61832e-24 3.5096e+71 
6.62806e-24 3.50054e+71 
6.63779e-24 3.49153e+71 
6.64752e-24 3.48258e+71 
6.65725e-24 3.47367e+71 
6.66698e-24 3.46481e+71 
6.67671e-24 3.456e+71 
6.68644e-24 3.44725e+71 
6.69617e-24 3.43855e+71 
6.7059e-24 3.4299e+71 
6.71563e-24 3.42131e+71 
6.72536e-24 3.41277e+71 
6.73509e-24 3.40429e+71 
6.74482e-24 3.39587e+71 
6.75455e-24 3.38751e+71 
6.76428e-24 3.3792e+71 
6.77401e-24 3.37096e+71 
6.78374e-24 3.36277e+71 
6.79347e-24 3.35465e+71 
6.8032e-24 3.34658e+71 
6.81293e-24 3.33857e+71 
6.82266e-24 3.33063e+71 
6.83239e-24 3.32274e+71 
6.84213e-24 3.31491e+71 
6.85186e-24 3.30715e+71 
6.86159e-24 3.29944e+71 
6.87132e-24 3.2918e+71 
6.88105e-24 3.28422e+71 
6.89078e-24 3.27669e+71 
6.90051e-24 3.26923e+71 
6.91024e-24 3.26182e+71 
6.91997e-24 3.25447e+71 
6.9297e-24 3.24718e+71 
6.93943e-24 3.23995e+71 
6.94916e-24 3.23278e+71 
6.95889e-24 3.22566e+71 
6.96862e-24 3.21859e+71 
6.97835e-24 3.21159e+71 
6.98808e-24 3.20463e+71 
6.99781e-24 3.19773e+71 
7.00754e-24 3.19089e+71 
7.01727e-24 3.18409e+71 
7.027e-24 3.17734e+71 
7.03673e-24 3.17065e+71 
7.04646e-24 3.164e+71 
7.0562e-24 3.1574e+71 
7.06593e-24 3.15085e+71 
7.07566e-24 3.14434e+71 
7.08539e-24 3.13788e+71 
7.09512e-24 3.13146e+71 
7.10485e-24 3.12508e+71 
7.11458e-24 3.11874e+71 
7.12431e-24 3.11245e+71 
7.13404e-24 3.10619e+71 
7.14377e-24 3.09997e+71 
7.1535e-24 3.09378e+71 
7.16323e-24 3.08763e+71 
7.17296e-24 3.08151e+71 
7.18269e-24 3.07542e+71 
7.19242e-24 3.06937e+71 
7.20215e-24 3.06334e+71 
7.21188e-24 3.05734e+71 
7.22161e-24 3.05137e+71 
7.23134e-24 3.04543e+71 
7.24107e-24 3.03951e+71 
7.2508e-24 3.03361e+71 
7.26053e-24 3.02773e+71 
7.27026e-24 3.02188e+71 
7.28e-24 3.01604e+71 
7.28973e-24 3.01022e+71 
7.29946e-24 3.00442e+71 
7.30919e-24 2.99863e+71 
7.31892e-24 2.99286e+71 
7.32865e-24 2.98711e+71 
7.33838e-24 2.98136e+71 
7.34811e-24 2.97563e+71 
7.35784e-24 2.9699e+71 
7.36757e-24 2.96418e+71 
7.3773e-24 2.95845e+71 
7.38703e-24 2.95274e+71 
7.39676e-24 2.94705e+71 
7.40649e-24 2.94137e+71 
7.41622e-24 2.9357e+71 
7.42595e-24 2.93002e+71 
7.43568e-24 2.92435e+71 
7.44541e-24 2.91867e+71 
7.45514e-24 2.91299e+71 
7.46487e-24 2.90731e+71 
7.4746e-24 2.90163e+71 
7.48433e-24 2.89595e+71 
7.49407e-24 2.89027e+71 
7.5038e-24 2.88459e+71 
7.51353e-24 2.8789e+71 
7.52326e-24 2.87321e+71 
7.53299e-24 2.86751e+71 
7.54272e-24 2.86182e+71 
7.55245e-24 2.85611e+71 
7.56218e-24 2.8504e+71 
7.57191e-24 2.84469e+71 
7.58164e-24 2.83897e+71 
7.59137e-24 2.83325e+71 
7.6011e-24 2.82752e+71 
7.61083e-24 2.82178e+71 
7.62056e-24 2.81604e+71 
7.63029e-24 2.81029e+71 
7.64002e-24 2.80453e+71 
7.64975e-24 2.79877e+71 
7.65948e-24 2.793e+71 
7.66921e-24 2.78722e+71 
7.67894e-24 2.78144e+71 
7.68867e-24 2.77565e+71 
7.6984e-24 2.76986e+71 
7.70814e-24 2.76407e+71 
7.71787e-24 2.75827e+71 
7.7276e-24 2.75246e+71 
7.73733e-24 2.74665e+71 
7.74706e-24 2.74084e+71 
7.75679e-24 2.73502e+71 
7.76652e-24 2.72919e+71 
7.77625e-24 2.72337e+71 
7.78598e-24 2.71754e+71 
7.79571e-24 2.71172e+71 
7.80544e-24 2.7059e+71 
7.81517e-24 2.70006e+71 
7.8249e-24 2.69421e+71 
7.83463e-24 2.68835e+71 
7.84436e-24 2.68249e+71 
7.85409e-24 2.67664e+71 
7.86382e-24 2.67082e+71 
7.87355e-24 2.66503e+71 
7.88328e-24 2.65924e+71 
7.89301e-24 2.65345e+71 
7.90274e-24 2.64765e+71 
7.91247e-24 2.64184e+71 
7.92221e-24 2.63603e+71 
7.93194e-24 2.63023e+71 
7.94167e-24 2.62445e+71 
7.9514e-24 2.61867e+71 
7.96113e-24 2.61291e+71 
7.97086e-24 2.60715e+71 
7.98059e-24 2.6014e+71 
7.99032e-24 2.59567e+71 
8.00005e-24 2.58994e+71 
8.00978e-24 2.58423e+71 
8.01951e-24 2.57853e+71 
8.02924e-24 2.57285e+71 
8.03897e-24 2.56718e+71 
8.0487e-24 2.56153e+71 
8.05843e-24 2.55589e+71 
8.06816e-24 2.55027e+71 
8.07789e-24 2.54467e+71 
8.08762e-24 2.53908e+71 
8.09735e-24 2.53352e+71 
8.10708e-24 2.52797e+71 
8.11681e-24 2.52244e+71 
8.12654e-24 2.51693e+71 
8.13627e-24 2.51145e+71 
8.14601e-24 2.50599e+71 
8.15574e-24 2.50054e+71 
8.16547e-24 2.49512e+71 
8.1752e-24 2.48973e+71 
8.18493e-24 2.48435e+71 
8.19466e-24 2.47901e+71 
8.20439e-24 2.47368e+71 
8.21412e-24 2.46838e+71 
8.22385e-24 2.46311e+71 
8.23358e-24 2.45786e+71 
8.24331e-24 2.45264e+71 
8.25304e-24 2.44744e+71 
8.26277e-24 2.44227e+71 
8.2725e-24 2.43713e+71 
8.28223e-24 2.43201e+71 
8.29196e-24 2.42692e+71 
8.30169e-24 2.42186e+71 
8.31142e-24 2.41683e+71 
8.32115e-24 2.41182e+71 
8.33088e-24 2.40685e+71 
8.34061e-24 2.4019e+71 
8.35034e-24 2.39697e+71 
8.36008e-24 2.39206e+71 
8.36981e-24 2.38717e+71 
8.37954e-24 2.38232e+71 
8.38927e-24 2.37751e+71 
8.399e-24 2.37274e+71 
8.40873e-24 2.368e+71 
8.41846e-24 2.36329e+71 
8.42819e-24 2.3586e+71 
8.43792e-24 2.35393e+71 
8.44765e-24 2.34928e+71 
8.45738e-24 2.34466e+71 
8.46711e-24 2.34007e+71 
8.47684e-24 2.3355e+71 
8.48657e-24 2.33096e+71 
8.4963e-24 2.32645e+71 
8.50603e-24 2.32197e+71 
8.51576e-24 2.31751e+71 
8.52549e-24 2.31307e+71 
8.53522e-24 2.30866e+71 
8.54495e-24 2.30427e+71 
8.55468e-24 2.29991e+71 
8.56441e-24 2.29557e+71 
8.57415e-24 2.29126e+71 
8.58388e-24 2.28697e+71 
8.59361e-24 2.2827e+71 
8.60334e-24 2.27845e+71 
8.61307e-24 2.27423e+71 
8.6228e-24 2.27002e+71 
8.63253e-24 2.26584e+71 
8.64226e-24 2.26167e+71 
8.65199e-24 2.25753e+71 
8.66172e-24 2.2534e+71 
8.67145e-24 2.2493e+71 
8.68118e-24 2.24521e+71 
8.69091e-24 2.24114e+71 
8.70064e-24 2.23708e+71 
8.71037e-24 2.23305e+71 
8.7201e-24 2.22903e+71 
8.72983e-24 2.22502e+71 
8.73956e-24 2.22103e+71 
8.74929e-24 2.21706e+71 
8.75902e-24 2.21309e+71 
8.76875e-24 2.20915e+71 
8.77848e-24 2.20521e+71 
8.78821e-24 2.20129e+71 
8.79795e-24 2.19738e+71 
8.80768e-24 2.19348e+71 
8.81741e-24 2.18959e+71 
8.82714e-24 2.18571e+71 
8.83687e-24 2.18184e+71 
8.8466e-24 2.17798e+71 
8.85633e-24 2.17413e+71 
8.86606e-24 2.17029e+71 
8.87579e-24 2.16646e+71 
8.88552e-24 2.16263e+71 
8.89525e-24 2.15881e+71 
8.90498e-24 2.155e+71 
8.91471e-24 2.1512e+71 
8.92444e-24 2.1474e+71 
8.93417e-24 2.1436e+71 
8.9439e-24 2.13981e+71 
8.95363e-24 2.13603e+71 
8.96336e-24 2.13225e+71 
8.97309e-24 2.12847e+71 
8.98282e-24 2.1247e+71 
8.99255e-24 2.12093e+71 
9.00228e-24 2.11717e+71 
9.01202e-24 2.1134e+71 
9.02175e-24 2.10964e+71 
9.03148e-24 2.10588e+71 
9.04121e-24 2.10213e+71 
9.05094e-24 2.09838e+71 
9.06067e-24 2.09462e+71 
9.0704e-24 2.09088e+71 
9.08013e-24 2.08713e+71 
9.08986e-24 2.08338e+71 
9.09959e-24 2.07963e+71 
9.10932e-24 2.07588e+71 
9.11905e-24 2.07214e+71 
9.12878e-24 2.06839e+71 
9.13851e-24 2.06464e+71 
9.14824e-24 2.0609e+71 
9.15797e-24 2.05716e+71 
9.1677e-24 2.05342e+71 
9.17743e-24 2.04968e+71 
9.18716e-24 2.04594e+71 
9.19689e-24 2.0422e+71 
9.20662e-24 2.03846e+71 
9.21635e-24 2.03472e+71 
9.22609e-24 2.03098e+71 
9.23582e-24 2.02724e+71 
9.24555e-24 2.02351e+71 
9.25528e-24 2.01977e+71 
9.26501e-24 2.01603e+71 
9.27474e-24 2.01229e+71 
9.28447e-24 2.00854e+71 
9.2942e-24 2.0048e+71 
9.30393e-24 2.00106e+71 
9.31366e-24 1.99733e+71 
9.32339e-24 1.99361e+71 
9.33312e-24 1.9899e+71 
9.34285e-24 1.98619e+71 
9.35258e-24 1.98247e+71 
9.36231e-24 1.97876e+71 
9.37204e-24 1.97505e+71 
9.38177e-24 1.97133e+71 
9.3915e-24 1.96762e+71 
9.40123e-24 1.96391e+71 
9.41096e-24 1.96021e+71 
9.42069e-24 1.95652e+71 
9.43042e-24 1.95282e+71 
9.44015e-24 1.94914e+71 
9.44989e-24 1.94545e+71 
9.45962e-24 1.94177e+71 
9.46935e-24 1.9381e+71 
9.47908e-24 1.93443e+71 
9.48881e-24 1.93077e+71 
9.49854e-24 1.92712e+71 
9.50827e-24 1.92347e+71 
9.518e-24 1.91983e+71 
9.52773e-24 1.91619e+71 
9.53746e-24 1.91257e+71 
9.54719e-24 1.90894e+71 
9.55692e-24 1.90533e+71 
9.56665e-24 1.90173e+71 
9.57638e-24 1.89813e+71 
9.58611e-24 1.89454e+71 
9.59584e-24 1.89096e+71 
9.60557e-24 1.8874e+71 
9.6153e-24 1.88384e+71 
9.62503e-24 1.88029e+71 
9.63476e-24 1.87675e+71 
9.64449e-24 1.87322e+71 
9.65422e-24 1.8697e+71 
9.66396e-24 1.86619e+71 
9.67369e-24 1.86269e+71 
9.68342e-24 1.85921e+71 
9.69315e-24 1.85574e+71 
9.70288e-24 1.85228e+71 
9.71261e-24 1.84883e+71 
9.72234e-24 1.84538e+71 
