       2     299.495
       3     1006.77
       4     645.569
       5     1283.88
       6     599.185
       7     1162.04
       8     639.652
       9     631.571
      10     797.376
      11     931.293
      12     729.551
      13     691.994
      14     841.080
      15     985.830
      16     645.593
      17     1042.90
      18     704.645
      19     889.209
      20     658.099
      21     581.438
      22     620.243
      23     736.931
      24     763.366
      25     743.136
      26     786.337
      27     973.755
      28     1185.37
      29     1003.34
      30     903.340
      31     1033.69
      32     1425.60
      33     1065.20
      34     1081.01
      35     917.942
      36     1113.58
      37     1402.50
      38     1254.91
      39     1298.08
      40     1927.53
      41     1163.21
      42     1284.54
      43     1375.35
      44     1298.00
      45     975.998
      46     1076.17
      47     1619.33
      48     931.908
      49     1580.53
      47     1407.61
      78     2016.71
     109     3027.82
     140     3893.83
     171     4867.41
     202     5524.53
     233     5703.16
     264     4953.54
     295     4116.06
     326     3123.86
     357     2282.71
     388     1836.20
     419     1691.91
     450     1922.19
     481     2229.41
     512     2506.61
     543     2484.24
     574     2396.51
     605     2124.69
     636     1863.84
     667     1792.35
     698     1819.88
     729     1962.25
     760     2237.31
     791     2345.97
     822     2464.71
     853     2341.59
     884     2030.01
     915     1682.61
     946     1354.41
     977     1113.53
    1008     1017.97
    1039     1034.38
    1070     1118.05
    1101     1170.97
    1132     1204.04
    1163     1140.70
    1194     1042.69
    1225     907.400
    1256     793.960
    1287     732.750
    1318     689.450
    1349     746.750
    1380     749.620
    1411     806.230
    1442     768.340
    1473     722.680
    1504     658.830
    1535     554.480
    1566     477.660
    1597     420.020
    1628     387.210
    1659     382.850
    1690     373.950
    1721     374.450
    1752     365.190
    1783     342.350
    1814     319.730
    1845     278.340
    1876     250.100
    1907     239.600
    1938     215.630
    1969     226.130
    2000     232.560
    2031     213.070
    2062     218.140
    2093     208.670
    2124     191.160
    2155     179.330
    2186     162.270
    2220     127.880
    2263     103.980
    2323     124.550
    2419     103.100